50
163
754107 1077
755337 253
755955 83
756812 635
757969 1206
759523 389
760597 902
762222 1386
763642 210
763835 108
764504 399
764961 88
765629 20
766347 386
766685 133
767165 503
767719 330
768214 455
769222 159
769446 400
770223 23
770851 180
771414 254
772280 280
773708 1245
775040 201
775811 857
776770 82
776874 58
777269 284
777542 128
778237 6
778592 74
778781 144
779357 459
780020 160
780173 137
780631 287
781424 126
782343 723
783587 659
784346 94
784868 369
785553 843
786845 336
788322 1214
789840 1243
791048 90
791859 113
792488 128
793324 193
794103 794
795050 316
796133 494
796546 183
796696 154
797055 141
798254 718
799158 739
799904 666
800529 116
801297 69
801348 19
801943 111
802636 180
803405 302
804031 804
804688 307
805332 429
806331 221
806559 27
807199 213
807848 304
808338 313
809048 618
809970 396
811314 750
812348 497
813021 165
814198 1845
815864 89
816645 762
817384 545
818474 613
819847 1255
821157 357
822023 96
822368 5
822824 57
823422 842
825069 518
825160 518
826322 42
826941 555
827367 255
827933 125
828231 30
828861 124
829425 212
829909 312
830791 1253
831928 32
832524 165
832602 17
834206 1628
835287 392
835892 341
836685 289
837492 519
838611 416
839758 436
840492 457
841547 719
842434 324
842853 98
843065 127
843141 201
844024 59
844417 4
844979 27
845652 154
845901 85
846557 337
847470 35
847839 488
848772 206
849530 267
849826 77
850671 743
851791 20
852337 770
852803 54
852844 32
853096 101
853592 395
853928 282
854227 201
855277 1658
856518 342
857699 1340
859069 621
859837 533
860724 808
861678 70
862197 699
863180 242
863255 48
863927 771
865171 720
866341 1257
867620 303
868462 1
869390 775
870664 736
871601 146
872378 74
872987 273
874612 1584
876191 32
876689 474
877907 1080
880163 2694
881872 420
123
-302933 572
-302665 603
-301307 836
-300938 290
-300328 611
-299593 813
-298932 94
-298856 73
-298768 59
-298446 305
-298401 10
-298367 8
-298308 5
-298084 193
-297729 240
-297384 182
-296413 1549
-292318 6326
-288876 342
-288601 392
-288055 373
-287511 926
-286340 585
-286257 15
-286241 15
-285606 866
-284619 222
-284277 1104
-283464 265
-283115 216
-282147 1532
-279825 3015
-277918 563
-277013 724
-275969 2265
-274496 45
-274471 30
-274335 23
-272153 4041
-270048 41
-269702 706
-269035 291
-268265 1277
-266793 1119
-265513 1690
-264470 261
-264202 277
-262802 2605
-260795 213
-260356 1799
-259215 599
-258394 463
-258185 49
-258075 30
-258024 36
-257773 331
-256795 1407
-255592 660
-255244 193
-253756 2529
-252232 185
-252099 411
-251741 111
-250827 1598
-249746 597
-249174 379
-248765 107
-248536 87
-248490 77
-247898 398
-247398 1147
-246670 36
-246597 141
-245998 715
-242577 5879
-239014 486
-238738 1122
-237743 404
-237474 129
-237273 144
-237172 149
-236915 161
-236679 256
-236236 1169
-234353 1166
-233837 464
-231721 3380
-229463 1097
-228210 1221
-227410 69
-227339 66
-226733 854
-225224 1876
-223433 1368
-222621 309
-220555 3739
-218429 112
-218391 146
-218025 210
-217741 555
-216963 750
-216543 107
-216373 103
-215967 405
-215846 6
-215323 779
-213820 1677
-211342 3781
-209229 250
-208922 186
-208668 3
-208666 1
-208620 27
-204942 7139
-201010 366
-200688 219
-200435 671
-199503 100
-199185 1231
-198321 133
-197512 1407
-197025 108
-196606 30
186
147893 1233
148946 555
149226 574
150315 789
150655 114
150998 407
151655 386
152320 591
153102 828
154040 638
155011 907
155983 1405
157083 310
157317 192
157748 736
158864 839
159408 1203
160747 431
161243 446
161680 473
162145 457
162182 57
162265 42
162307 53
162618 85
162674 110
162909 596
163655 640
164816 1292
165700 289
165999 228
166204 197
166531 195
166835 124
166984 72
167040 77
167131 75
167209 60
167565 461
168083 327
168333 62
168394 29
168650 28
168676 42
169317 829
169869 186
170215 24
170240 10
170264 11
170279 9
170297 54
170999 817
171648 93
171682 95
171822 118
172153 74
172227 73
172269 99
172412 38
172418 34
172426 39
172545 95
172777 142
174177 2119
176190 1103
176667 809
177313 754
179225 812
179736 810
180456 2335
182165 2
182166 3
182169 1
182418 364
182768 56
183241 137
183333 234
183974 715
184214 110
185094 1100
185783 87
185785 14
185841 13
185849 12
186204 213
186529 1
186530 1
186768 31
186792 17
186793 10
186807 10
187172 224
187332 35
187346 54
187861 627
188065 1
188701 552
189179 269
191103 1643
191185 514
191696 534
191978 544
192576 556
192868 544
194051 238
194506 2272
198574 2206
199110 334
199400 133
200792 2411
202268 77
202299 3
202311 3
202440 160
202606 161
202880 312
203290 380
203580 357
204536 784
205059 156
205221 87
205559 110
205633 119
205756 110
205981 348
206522 69
206583 78
206678 82
206878 69
206889 355
207473 461
208133 138
208315 477
208687 418
209523 491
209601 3
209617 28
211412 3518
213742 895
214337 257
214439 252
215120 411
215233 50
215248 43
215615 209
215880 128
216167 206
216172 181
216268 182
216749 400
217035 14
217051 6
217055 5
217063 6
217066 1
217074 6
217079 3
217083 2
217085 4
217087 5
217097 7
217099 6
217103 3
217107 3
217108 2
218536 2154
219753 2074
224158 4197
226152 340
226247 176
226662 358
226833 18
227464 583
227565 575
228630 498
229232 835
231374 3047
233199 287
233596 271
233784 90
233853 90
235239 2183
236692 342
236843 107
237011 132
237087 119
182
-237225 656
-235587 2439
-233427 1245
-232516 400
-231825 983
-231687 105
-231240 99
-229744 2186
-228072 1031
-227224 814
-226421 580
-225824 514
-225626 147
-225330 157
-224801 305
-224665 133
-224545 126
-224166 176
-223951 494
-223430 347
-222917 485
-222510 229
-222209 92
-222183 86
-222148 99
-221901 48
-221884 49
-221755 37
-221744 61
-221726 38
-221648 49
-221511 213
-220518 1712
-219188 815
-218669 236
-218424 208
-218102 192
-218034 193
-217664 464
-217020 293
-216776 85
-216729 88
-216004 671
-215402 117
-215337 41
-215299 31
-214762 506
-213897 509
-213666 527
-213178 461
-212165 1601
-210960 682
-210358 45
-210322 15
-210319 9
-209946 286
-209662 220
-209224 627
-208555 293
-208121 281
-207216 437
-207133 475
-206643 487
-205912 1635
-204673 13
-204659 7
-204650 12
-204628 20
-204270 217
-204191 103
-203008 1482
-201983 409
-201710 265
-200866 228
-200791 1111
-200041 359
-199657 352
-199297 327
-198640 327
-198445 422
-198111 30
-198070 23
-197670 98
-197160 328
-196850 230
-196803 196
-196155 472
-195409 342
-195040 416
-194205 936
-192301 2291
-191001 24
-190985 34
-190931 28
-190924 32
-190908 38
-190578 98
-190488 96
-189606 1086
-188571 267
-188459 228
-188232 277
-187728 446
-186887 505
-186550 138
-186397 127
-186279 134
-185832 262
-185622 340
-184966 237
-184273 812
-184133 66
-184014 85
-183899 79
-183728 76
-183271 334
-183158 29
-183098 18
-182609 602
-182151 243
-181961 320
-181386 288
-181127 350
-180923 39
-180854 42
-180837 43
-180832 39
-180823 28
-180674 57
-180662 54
-180333 58
-180299 5
-179881 208
-179774 32
-179518 989
-177794 910
-177300 541
-177106 375
-176094 1002
-174598 1507
-173167 749
-172989 93
-172940 110
-172864 85
-172049 463
-171991 59
-171967 54
-171771 54
-171549 57
-171503 57
-171486 68
-171477 45
-171060 220
-170892 61
-170868 45
-170838 55
-170396 244
-170038 126
-169909 132
-169793 115
-169497 474
-169024 50
-168964 27
-168954 19
-168951 28
-168496 683
-167696 705
-167035 341
-166815 166
-166684 192
-166241 265
-165550 783
-165369 311
-165077 303
-164286 284
-164248 302
-163704 33
-163222 937
-162294 352
-161892 344
-161736 306
-159645 3516
178
-419576 388
-419440 110
-419335 107
-419182 107
-416189 4259
-412533 1260
-412137 332
-411939 341
-411280 312
-409491 4169
-404187 2712
-403858 164
-403809 193
-403285 363
-402799 137
-402681 88
-402614 88
-402526 65
-400800 3103
-398568 7
-398566 18
-398535 32
-397633 57
-397599 51
-397558 46
-397402 38
-397386 35
-397365 45
-397347 34
-397344 50
-397304 62
-397264 47
-397213 56
-397150 51
-397125 42
-397050 42
-396770 264
-396292 180
-396256 183
-395379 101
-395346 92
-395137 78
-395095 86
-394968 74
-394895 83
-394128 1079
-393155 569
-392671 584
-391899 478
-391312 472
-390249 2167
-387893 1336
-386450 686
-386027 679
-385444 93
-385372 73
-384899 103
-383954 1767
-382273 1436
-380067 1291
-379602 270
-379479 146
-379313 160
-377715 452
-377600 447
-377469 447
-377385 454
-376610 482
-376373 464
-375469 489
-375241 441
-374796 1280
-373070 671
-372808 52
-372761 30
-372757 26
-372733 36
-372123 145
-372078 126
-372054 120
-371977 129
-371502 121
-371483 229
-370634 1425
-369165 1365
-367664 1360
-365671 1366
-365619 1361
-362769 2036
-361364 74
-360800 1213
-359089 1367
-356765 1738
-355952 923
-354995 892
-354155 833
-353762 920
-352083 293
-352006 1
-352003 2
-351985 1
-351963 2
-351953 1
-350705 761
-350681 165
-350035 152
-349922 168
-349821 20
-349819 26
-349788 16
-349783 14
-349766 32
-345487 8202
-340334 1494
-336815 4169
-334496 1983
-332828 121
-332800 69
-332779 78
-331893 100
-331737 93
-331705 83
-330407 1303
-328793 187
-328759 151
-328698 196
-328693 178
-328378 184
-327063 1109
-325341 1344
-324107 315
-323054 455
-322951 340
-321699 351
-321669 334
-321387 322
-321097 324
-320076 78
-319985 62
-319613 148
-319536 45
-318357 497
-318339 497
-317700 535
-317265 546
-316166 470
-315698 473
-315023 534
-314731 744
-314020 384
-313327 591
-313243 332
-312922 319
-312326 1902
-308662 2144
-308032 186
-307961 81
-307787 83
-307741 73
-306377 1264
-305192 114
-305175 97
-305037 118
-304985 116
-304928 134
-304795 100
-304678 99
-302786 1895
-301995 309
-301968 281
-301497 302
-301404 342
-301208 308
-300827 321
-300779 340
-300157 323
-299627 294
-299173 325
132
516055 165
516279 113
516561 450
517158 636
517659 277
517858 110
517910 18
517994 104
518138 69
519415 2407
521362 1443
523070 1966
524547 330
524683 739
525887 1385
526934 616
528047 1510
529060 431
529313 75
529526 256
530957 2513
532459 464
533554 1703
534941 1035
535818 606
536477 837
537333 521
537854 640
538195 40
538242 32
538608 679
539473 984
540027 84
540180 104
540810 1195
541756 675
542552 812
543409 830
544291 919
545056 402
545157 185
547332 3847
549752 894
550442 575
551427 1116
552680 1399
553942 1036
554548 116
554699 64
554907 262
555066 13
555623 1057
556283 156
556290 42
557171 1548
558092 283
559160 1223
559828 1262
560907 216
561503 806
561808 298
562699 1059
563479 478
563800 144
567505 7259
571652 966
572231 188
572339 20
572434 133
572953 799
573562 229
573690 242
574820 1891
575872 102
576918 1843
578200 884
579032 659
579432 72
579587 25
579706 331
579986 119
580496 891
581261 560
583668 4179
585999 395
586253 64
586277 9
586588 573
586937 253
587540 643
587830 1
588175 625
588517 126
588749 188
589520 1332
590956 1453
592337 1278
593306 698
593854 196
594509 1188
595137 6
595678 1005
596354 290
596735 369
596978 74
597522 989
598384 727
600117 2729
601802 298
601880 429
602297 84
602360 96
602598 261
602888 230
603032 2
603141 174
603649 116
604147 1589
605652 1334
606598 555
606981 124
607962 1841
608957 28
609144 251
609584 693
610364 648
612191 2774
613378 870
614355 13
614512 278
614956 552
615479 449
173
91872 553
92000 525
92037 513
92275 543
93456 514
93492 574
93892 528
94913 536
95021 527
95559 556
96533 482
97165 514
97671 532
97898 495
98107 532
98944 544
98993 509
99593 563
101245 518
101655 497
101719 537
101892 533
103190 518
103806 527
104844 529
104967 550
105652 524
105785 518
106628 546
107334 539
107406 539
107407 513
108258 520
109124 579
109729 520
110716 503
111729 530
112302 518
112496 483
113894 591
114286 521
114896 516
115162 514
115191 540
115360 560
116582 480
116938 564
117254 537
117642 522
117718 486
117862 542
118633 529
118636 502
118871 586
119591 519
119749 522
119946 546
120007 520
121737 527
122460 542
122786 533
122913 518
123724 526
123904 530
123950 528
124209 534
125047 540
125505 518
125706 535
127752 529
127755 491
128049 585
129225 502
129345 559
130277 530
130643 526
131471 489
132089 547
132610 545
133029 558
133270 482
133850 544
134139 566
135267 535
135792 517
135830 545
136315 522
136764 531
137120 527
137484 537
137524 498
137571 525
137952 515
138115 519
138554 513
139059 501
139695 519
141408 545
141778 512
141838 519
141930 522
142643 552
142846 530
142879 530
143322 550
144636 579
145803 558
146895 544
147782 550
149259 537
149704 527
149813 501
152942 530
153083 527
153891 511
154821 551
154871 533
155039 533
156567 513
157235 560
157270 552
157621 532
159659 499
160011 543
160924 530
164342 577
164535 568
164695 538
164925 545
164928 499
165105 539
165428 531
165664 531
165983 518
166101 550
166992 535
167628 472
167669 539
167833 528
168068 484
168206 548
168808 564
168869 556
169190 563
169377 516
170214 504
170304 515
170425 558
171039 526
171715 560
172041 524
173068 533
173073 515
173892 518
173896 552
174873 515
175202 515
175638 519
176609 528
177202 504
178178 520
178390 539
180543 559
181523 557
181625 591
182253 560
182404 556
182474 529
182924 504
183051 509
183913 542
184301 520
184478 2543
126
-421132 1905
-420956 307
-420944 275
-420443 326
-420303 292
-420059 296
-419861 295
-419075 314
-418499 288
-417937 290
-417889 304
-417312 331
-417305 303
-416942 278
-416830 274
-416671 292
-416162 319
-415871 297
-415007 293
-414446 301
-414224 328
-413274 275
-412286 296
-412227 332
-411889 297
-411765 301
-410916 299
-409150 323
-409098 320
-408962 301
-408949 275
-408619 306
-408363 329
-408338 268
-407635 310
-407422 301
-407257 305
-407251 317
-406996 295
-406831 317
-405762 323
-405717 315
-405708 297
-405537 301
-405484 298
-405462 305
-405250 260
-405124 284
-405096 261
-404894 303
-404694 299
-404521 288
-404263 286
-403992 344
-403356 294
-403180 334
-402668 291
-401263 677
-400901 635
-400847 674
-400522 633
-400051 649
-398535 663
-396746 622
-395914 634
-395770 3831
-393188 70
-393069 56
-393040 56
-392975 61
-392969 79
-391474 1191
-391101 1269
-389257 1356
-387727 858
-386644 597
-386395 589
-386233 567
-384652 625
-384369 646
-384348 630
-384332 637
-383797 600
-381857 678
-380845 569
-379966 630
-379945 597
-378896 5048
-377673 1048
-374027 1083
-371902 1012
-369233 1085
-366228 1018
-365927 1083
-365299 1084
-364425 1079
-363848 1095
-363708 1154
-363022 121
-362993 138
-362815 131
-362552 139
-362524 115
-362419 127
-362391 130
-362280 140
-362246 120
-362222 151
-362200 111
-361549 136
-361358 127
-361318 126
-361155 113
-361101 124
-361083 106
-361015 148
-360996 145
-360331 133
-360213 124
-360106 120
-360032 350
-357594 10064
-357319 7774
-335264 7848
-320754 7627
-320443 7586
191
-689921 241
-689675 57
-689436 90
-689303 513
-687064 3785
-684948 328
-684221 1163
-683089 491
-682887 198
-682729 136
-682619 64
-681229 2469
-680293 540
-679429 158
-679166 268
-678959 125
-678690 415
-677471 1831
-676161 739
-675625 167
-675420 414
-675124 35
-675008 168
-674572 623
-673915 602
-673359 106
-673326 101
-673275 296
-672614 767
-671424 1478
-670551 122
-670324 301
-669965 189
-669630 546
-668737 1509
-667032 960
-666653 350
-666321 128
-665790 793
-665258 16
-664953 821
-664441 9
-664434 33
-664393 31
-664158 411
-663591 611
-663273 303
-662537 820
-662020 75
-661423 993
-660753 265
-660553 53
-660531 47
-660424 87
-660247 148
-659480 1243
-658769 32
-658654 272
-658133 132
-658113 161
-657934 129
-657841 206
-657649 6
-657635 20
-657353 484
-656868 59
-656784 419
-656454 56
-656380 63
-655391 1767
-654283 372
-653414 1665
-651540 1005
-651305 1204
-648885 1748
-648275 70
-648155 144
-648027 40
-647994 12
-647991 21
-647868 163
-647770 26
-647762 3
-647654 97
-647504 102
-647350 189
-647150 133
-647037 66
-646956 53
-646872 35
-646852 40
-646771 54
-646606 102
-646539 46
-646496 34
-646411 35
-646161 293
-645999 57
-645937 38
-645581 545
-645009 417
-644158 1063
-643370 926
-642509 392
-642264 235
-641972 5
-641903 269
-641660 175
-641354 188
-640896 766
-640421 54
-640152 302
-639942 175
-639578 379
-639205 296
-639168 92
-639011 74
-638835 103
-638605 362
-638006 642
-637871 22
-637468 231
-637286 63
-636960 524
-636462 334
-636209 44
-636189 7
-636097 70
-636043 141
-635770 317
-635533 148
-635082 621
-633039 3325
-631301 4
-631283 85
-631055 187
-630699 372
-629885 1176
-629206 263
-628790 235
-628542 343
-628111 407
-627889 12
-626971 1814
-624196 3674
-622261 441
-621417 646
-621070 130
-620835 297
-620505 129
-620407 140
-620230 29
-620191 42
-620081 145
-618756 2338
-617505 130
-617047 625
-616719 16
-616709 11
-616689 11
-616686 7
-616676 11
-616427 332
-616178 328
-615332 1081
-614692 111
-614523 205
-613739 913
-613044 1078
-612336 42
-612267 42
-611818 793
-610402 1905
-609408 50
-609387 43
-609291 68
-608123 2121
-606797 628
-605915 534
-605463 1051
-604125 709
-603710 119
-603204 1339
-602404 84
-602192 176
-601919 334
-600263 2833
-597289 3093
-595678 3
-595647 307
-595037 369
186
-375344 235
-375314 2
-375280 5
-375273 4
-375269 3
-375266 4
-375233 4
-375216 7
-375207 5
-374942 160
-374850 162
-374824 148
-374537 148
-374434 144
-374390 162
-374353 162
-374193 194
-373033 151
-372909 182
-372879 628
-372432 139
-372428 121
-372250 117
-372147 123
-372095 130
-371813 246
-371316 152
-371154 187
-370901 671
-370089 65
-370085 56
-369993 73
-369938 69
-369802 81
-369727 69
-369678 66
-369631 73
-369540 67
-369465 78
-369421 73
-368740 357
-368170 220
-368001 240
-367762 230
-367705 205
-367400 210
-367181 213
-367171 211
-367012 252
-366933 217
-366722 217
-366611 232
-366358 228
-365974 220
-365681 202
-364595 1278
-364013 190
-363722 17
-363137 16
-362713 18
-362666 2059
-361314 60
-360599 1642
-359531 364
-359029 370
-358709 365
-357967 387
-357936 776
-357123 443
-357099 8
-357094 13
-357084 7
-356990 6
-356968 12
-356960 7
-356896 12
-356463 815
-355553 595
-354593 1272
-354418 28
-354262 35
-354249 36
-354103 25
-353484 210
-353398 223
-353309 223
-353122 234
-352768 9
-352765 9
-352759 5
-352751 8
-352747 8
-352742 2
-352051 899
-351388 822
-350658 838
-348910 1399
-348397 50
-348394 37
-348332 19
-348314 19
-348310 17
-348304 21
-348011 307
-347686 142
-347675 161
-347558 160
-347451 156
-347121 167
-346921 158
-346729 132
-346711 144
-345896 166
-345804 138
-345735 164
-345717 173
-345490 163
-345279 155
-345239 174
-345183 159
-344734 165
-344685 165
-344576 144
-344012 178
-343994 327
-343423 44
-343404 54
-343395 56
-343234 55
-343142 37
-343106 86
-342879 384
-341830 400
-341493 395
-340983 390
-340676 383
-340491 387
-340404 389
-340370 395
-340320 363
-340173 403
-340141 389
-339305 422
-337463 1698
-336178 1381
-333439 1894
-332453 213
-331791 177
-330547 185
-330432 201
-330114 2715
-328402 5
-328398 8
-328383 14
-328017 148
-327970 158
-327857 169
-327598 147
-327417 125
-326917 153
-326725 148
-326590 150
-326329 233
-325537 803
-324949 780
-323834 1831
-322398 92
-322369 80
-322353 81
-322287 76
-321914 215
-321410 426
-320979 310
-320668 241
-320405 83
-317902 4445
-316299 403
-316133 399
-316068 364
-314479 335
-314297 46
-314249 53
-314026 49
-313792 798
-312681 337
-312561 194
102
-384999 1558
-383058 1703
-381379 1566
-379871 855
-377740 3312
-375916 314
-375274 825
-374514 64
-373588 1241
-372617 50
-372583 86
-372072 589
-371130 844
-370277 1272
-367996 2793
-364253 4033
-361839 111
-361804 18
-361285 405
-360797 487
-359961 429
-359715 643
-358913 472
-358071 680
-357431 331
-356857 618
-356108 345
-355937 40
-355841 84
-355811 22
-354220 2039
-352208 2019
-350833 2129
-348822 930
-347644 1046
-346277 1155
-345399 325
-344187 1467
-342903 1404
-340554 2939
-338920 73
-337610 2011
-335976 997
-334699 716
-334366 28
-333724 1088
-332618 812
-331429 1158
-330393 403
-329773 194
-328935 833
-326635 3101
-324654 360
-324488 75
-323612 774
-322840 1167
-322016 9
-321999 32
-321777 399
-321390 167
-320363 433
-320237 1386
-319230 487
-318401 784
-317252 1568
-315576 1472
-314448 180
-314053 170
-313377 1890
-311105 2076
-310167 560
-309260 426
-308996 34
-308974 51
-308825 171
-308495 457
-307941 267
-307385 843
-303534 6226
-299935 779
-299262 300
-299119 122
-298761 726
-297280 1024
-296622 149
-296219 261
-293184 5777
-289978 188
-289550 600
-286663 4861
-283972 98
-283871 55
-283841 49
-283381 127
-283299 195
-282599 965
-281191 1384
-280762 76
-279727 788
-279272 257
-278672 696
-278024 201
114
562536 843
563136 68
563308 256
563516 236
563941 238
564885 1764
566126 685
566871 630
566939 24
567833 972
568415 1
569640 2401
570971 5
571058 52
571382 672
572300 753
573246 1324
574129 51
574224 54
575264 1837
576487 253
576818 14
577347 1301
578086 53
578131 42
578237 229
578584 191
578817 93
578821 80
578964 269
579561 675
580074 315
580520 362
580827 40
580860 81
581412 799
581604 63
581847 60
582284 666
583177 729
583385 23
583954 416
584552 509
585044 233
586098 1707
587069 443
587666 298
588066 263
588329 44
588666 182
588823 176
589145 193
589727 554
590330 455
590855 190
591262 184
591579 440
592121 624
592745 290
592999 2
593183 116
594083 599
594651 517
594990 1617
596289 258
597202 1317
598218 302
599082 1633
600764 736
600967 86
601445 786
602166 564
602630 7
602644 4
602646 5
603009 388
603626 328
603833 336
604132 62
604304 67
604355 227
604789 310
605432 760
606016 117
606074 3
606497 464
606742 88
606954 38
606956 41
607061 222
607394 209
607722 114
607875 102
608306 685
608828 472
609769 639
610339 506
612051 2465
612499 615
613712 31
613766 31
613775 34
614619 1514
615656 133
616024 353
616277 184
618573 4121
620849 12
620857 11
620876 17
621155 181
621756 767
622993 904
623733 1255
162
618868 731
619317 718
620970 974
621141 52
621173 37
621478 665
622850 2058
623974 23
624037 274
624220 111
624369 91
624473 115
624555 123
624671 126
624908 299
625197 120
625220 109
625291 130
625626 410
626258 844
626785 99
627148 742
627553 45
627882 1425
630085 1154
630312 304
630476 26
630525 61
630623 133
630836 287
631955 1897
632938 361
634885 3277
636561 38
636583 32
636614 33
636666 34
636675 61
637282 1104
639380 3072
639778 10
640311 14
640980 72
640991 55
641133 89
641752 1200
642733 728
643161 143
643261 231
643717 240
643892 421
644283 233
644371 135
644532 56
645140 1150
645741 36
645775 44
646139 194
646294 719
646771 243
647340 700
647865 390
648543 960
649696 1337
650400 60
650489 108
650685 177
650926 444
651748 922
652110 476
652883 759
653664 394
655114 2770
656516 80
656662 122
657353 1287
659793 3584
661882 426
662008 253
662727 909
663977 1639
665392 1042
666356 967
666976 1033
668765 894
668894 249
669158 267
669643 127
670299 1801
671933 1415
672765 320
673195 396
673436 129
673615 247
673809 94
673872 94
674013 146
674040 8
674680 1171
675494 446
675874 355
676280 357
676486 97
676607 67
676965 723
677459 253
678340 1499
679335 482
679957 440
679959 305
680360 126
683206 5074
684391 268
684724 249
684793 261
686092 258
686589 113
686780 149
686951 285
687548 847
688149 361
688473 423
688527 407
689537 463
690161 537
691167 1995
692675 913
692812 122
693216 106
693644 1475
696256 2442
697296 121
698226 1152
698873 495
698910 471
699280 512
700498 1008
702120 2231
703250 134
703632 482
703898 114
704554 1157
705135 57
705206 42
705301 93
705479 437
706017 257
706035 14
706270 436
706598 251
706980 602
707090 578
708970 1705
709727 194
709831 56
710249 548
710624 576
712407 2803
714220 262
714966 1863
716298 143
717520 2903
194
385944 39
385967 44
386057 43
386140 108
386911 361
387158 209
387478 199
388231 168
388435 184
388452 148
388976 173
389124 285
389921 138
390010 26
390017 30
390074 28
390095 29
390585 75
390719 272
391912 958
392657 689
393180 96
393647 99
393682 106
393995 105
394148 1299
395055 175
395152 171
395181 178
395318 196
395840 163
396126 186
396401 542
396678 56
396709 64
396732 64
396736 48
396814 69
397040 71
397061 119
397436 399
398246 843
399300 13
399362 21
399428 18
399553 440
400652 1174
402722 1071
403482 76
404642 2101
405977 72
406074 71
406183 95
407015 1828
411006 3679
413009 1549
415548 1115
415676 1107
417592 859
418742 544
419428 712
420132 453
420814 353
421880 796
422899 155
423025 103
424062 641
424324 159
424336 153
424620 164
424691 164
424854 149
425017 169
425019 201
425281 166
425825 273
427152 5
427438 1518
428736 835
430003 249
430060 11
430778 612
431256 1089
433280 2460
436530 2256
436998 886
437753 846
439770 389
440128 1
440130 1
440913 41
440926 45
440935 52
440968 37
442503 1534
443516 1021
444982 1894
446949 859
448404 2201
450395 1554
451600 538
452113 130
452383 175
453444 1874
455241 1007
456417 1132
457248 497
457475 51
458429 503
458820 115
458892 135
459201 373
460432 702
461503 115
461617 111
461689 97
461955 168
462524 42
462593 28
462614 25
462616 21
462652 24
462671 25
462832 28
462837 33
462856 22
462909 36
466456 5812
469703 336
470146 243
471196 1269
472372 591
473253 56
473304 52
473336 73
474051 29
474066 51
474137 45
475704 847
475750 1515
477208 118
477330 81
477513 102
477672 519
478803 554
479212 308
479390 316
479811 288
480585 558
480818 186
481502 751
482686 639
483011 619
485251 2547
490225 6442
494250 97
494252 100
494429 93
494559 74
494685 66
494699 75
494880 68
494885 72
494914 86
497543 4064
500809 1671
502080 334
502558 136
502646 126
502650 124
502769 138
502898 143
503504 226
503558 246
503627 222
504595 870
506328 1310
506901 303
507503 305
508248 440
508805 289
508891 280
509460 271
510097 748
511016 14
511021 9
511845 975
512699 329
513703 1064
515010 217
515035 227
515584 233
515707 232
516260 474
196
680540 338
680865 45
680945 36
681738 1475
682764 410
683041 76
683328 182
683548 163
683936 387
684326 127
684572 312
684909 14
685167 68
685208 39
685429 212
685646 99
685819 252
686528 757
687359 490
688097 904
688914 522
689431 160
690850 2227
692162 48
692324 98
693157 1460
694971 1806
695524 150
696560 747
697556 910
698063 70
698410 160
698459 60
699365 1438
700484 411
701317 833
701827 283
702480 555
703129 542
703476 273
703905 327
704598 1157
706116 1509
707323 516
707903 435
708815 1246
709592 26
709641 29
710374 1099
711039 91
713300 4158
715466 93
715745 107
716023 81
716040 56
716485 734
716949 107
717253 318
717435 6
717492 26
717802 545
718468 738
719392 665
719583 392
720122 76
720791 893
721370 116
721632 345
721831 2
723389 2886
725037 15
725043 10
725310 81
725435 162
725760 196
726355 692
727179 776
728045 774
728708 105
729189 657
729624 98
729780 13
729879 187
731131 1874
732727 906
733339 164
733423 120
733759 257
734079 50
734266 144
734455 99
734912 508
735366 77
735423 48
735888 660
736416 361
736804 62
737053 143
737324 291
738009 863
738532 57
739116 989
739823 120
739994 90
740217 142
740495 247
740690 12
740960 304
741260 150
741512 62
741556 15
741793 264
742172 70
742311 83
742573 143
742812 20
742869 143
743126 131
743436 458
743982 376
744295 129
745101 1191
745872 106
745947 4
745948 5
746574 973
747108 20
747482 564
747857 62
747990 65
748007 120
748121 25
748465 509
749001 103
749056 114
749181 122
749483 139
749770 77
749967 63
750605 774
751030 50
751158 47
751564 388
752018 334
752445 255
752816 225
753412 958
754155 97
754596 456
755305 512
756000 479
756733 537
757716 1138
758581 270
759063 365
759488 31
759512 52
760430 1641
761410 135
761688 302
762332 693
763421 1221
764233 319
764543 247
765035 662
765770 501
766498 866
768242 2522
769564 12
769692 185
769930 126
770250 545
771202 1347
772334 545
772691 33
772742 33
772867 99
773461 1469
775398 1086
775626 51
776257 1257
777885 1274
779007 1114
779781 214
780097 127
780448 440
781255 1011
782692 1544
783847 501
784486 308
784597 106
785246 1096
785898 62
786123 75
786489 495
786886 62
200
-957020 1
-947281 1
-932551 1
-921488 1
-902115 1
-900015 1
-878344 1
-874405 1
-865657 1
-850606 1
-840527 1
-837738 1
-835364 1
-834762 1
-831511 1
-828125 1
-821628 1
-806393 1
-767678 1
-760495 1
-759500 1
-759206 1
-757135 1
-751920 1
-747864 1
-735555 1
-727192 1
-726026 1
-722508 1
-713715 1
-709865 1
-707199 1
-705445 1
-679112 1
-667249 1
-658098 1
-653124 1
-644964 1
-637584 1
-633158 1
-627576 1
-610199 1
-604889 1
-603591 1
-585078 1
-574357 1
-574347 1
-573075 1
-548827 1
-543512 1
-540680 1
-533985 1
-527331 1
-504529 1
-494398 1
-493900 1
-486909 1
-443353 1
-423166 1
-418817 1
-415084 1
-413778 1
-405843 1
-395985 1
-381206 1
-373739 1
-364682 1
-359738 1
-351108 1
-335724 1
-332006 1
-320068 1
-315750 1
-306112 1
-288183 1
-287543 1
-286330 1
-254012 1
-243356 1
-242048 1
-212427 1
-206160 1
-189468 1
-174581 1
-165343 1
-141166 1
-138906 1
-138260 1
-134624 1
-113926 1
-111288 1
-109294 1
-86697 1
-79786 1
-60404 1
-54082 1
-50340 1
-29359 1
-15678 1
-10597 1
-9343 1
10512 1
25050 1
30229 1
37042 1
41704 1
59278 1
61844 1
98629 1
125869 1
136945 1
139350 1
140848 1
142064 1
170164 1
175718 1
194932 1
205710 1
240833 1
253094 1
288640 1
296668 1
305485 1
313146 1
313401 1
316359 1
330424 1
330552 1
354699 1
363455 1
383800 1
394009 1
395408 1
413167 1
416174 1
440156 1
442202 1
445545 1
457813 1
458039 1
485288 1
492277 1
504115 1
508469 1
514589 1
536738 1
586596 1
604823 1
606193 1
608592 1
610843 1
615105 1
622806 1
624807 1
634910 1
639343 1
642320 1
646105 1
647982 1
653626 1
653874 1
657326 1
672594 1
682777 1
690596 1
714791 1
720939 1
721136 1
751347 1
776133 1
778203 1
781099 1
781766 1
785209 1
791714 1
793145 1
799155 1
800318 1
814159 1
829201 1
835008 1
880540 1
881084 1
890269 1
891174 1
899068 1
899641 1
933249 1
940921 1
943597 1
944623 1
948465 1
954242 1
954297 1
963276 1
976813 1
987599 1
988806 1
993090 1
997439 1
161
264387 8599
270520 1765
274246 1809
275325 1771
276625 1859
277064 132
277088 124
277188 119
277260 107
277297 130
277307 117
277346 111
277422 108
278011 119
278030 145
278037 113
278218 125
278412 105
278431 127
278576 121
278584 111
278626 130
278627 124
278697 114
279217 117
279420 131
279490 126
279527 125
279542 117
279598 120
279769 133
279831 131
279892 116
279937 106
280069 140
280664 115
280907 128
281071 141
281166 109
281269 130
281536 121
281557 114
281575 142
281682 154
281829 127
281858 119
282153 127
282338 121
282691 119
282904 120
282947 114
283194 123
283299 138
283305 134
283431 120
283543 130
283564 119
283597 134
283627 124
283717 128
283938 130
284151 108
284324 122
284489 131
284512 133
284516 126
284702 114
284751 135
284786 106
285072 140
285219 132
285274 111
285280 109
285447 126
285507 123
285641 113
285825 103
286115 110
286121 104
286156 115
286671 103
286955 122
286959 124
287152 124
287286 160
287289 467
289410 2878
291431 1650
293218 282
293224 238
293658 264
294017 256
294020 256
295008 264
295084 286
295580 278
295678 273
295721 253
295766 242
295785 276
296159 301
296170 266
296596 258
297107 244
297394 236
298113 240
298161 258
298646 263
299214 254
299224 304
299268 303
299330 282
299584 295
300027 274
300072 254
301051 277
301064 271
301137 269
301260 235
301624 274
301771 248
302040 272
302190 266
302279 248
302467 248
303105 263
303171 231
303776 301
304077 252
304760 272
305003 254
305068 269
305119 253
305224 286
305977 260
306115 311
306123 246
306385 245
306445 293
306497 262
306523 293
306527 239
307608 285
307989 273
308189 271
308216 266
308570 245
308943 284
309463 299
309692 234
309707 272
310067 254
310125 274
310591 255
310778 235
311189 618
312309 461
312823 469
312916 525
313289 525
314423 939
156
825298 1295
826928 616
827673 64
828246 218
828995 230
829252 186
829861 374
831149 1486
832297 114
833135 17
833150 9
833793 379
834053 27
834555 410
834941 837
836241 243
836592 124
837092 714
838267 708
839127 418
840023 331
840674 40
840722 111
841379 1107
842716 128
843096 226
843700 280
844519 577
845213 274
845942 130
846141 104
846897 574
847976 330
848633 78
849617 310
850068 126
850250 414
850994 184
851820 154
852090 155
852574 8
853343 209
853734 238
854400 312
854872 21
855908 1469
857147 140
858015 94
858092 48
858865 112
859027 2
859518 629
860257 33
860289 21
860887 816
861844 728
862497 73
863227 887
864116 542
864690 42
864758 69
865485 1068
866491 248
866775 197
867426 802
868440 1030
869209 128
869739 344
870112 265
870462 294
870743 315
871715 139
872004 259
872826 1040
874614 1108
875649 377
876802 1059
878192 718
878586 51
879532 666
880270 209
881028 85
881160 60
881242 51
881687 307
882620 445
883279 246
883889 406
884518 496
885102 278
886146 367
886443 12
886458 9
887221 603
888110 139
888904 27
890493 1888
891949 316
892430 512
892765 163
893478 156
894241 296
895170 535
896658 962
897211 94
897262 19
897827 772
899170 419
899944 501
901179 762
902096 141
902482 191
902752 168
903144 90
903302 80
904255 849
905410 114
906004 789
907250 1041
908067 42
908209 207
909330 496
910038 55
910965 1499
912489 150
913510 478
914177 42
914237 32
914410 334
915424 271
915775 38
915890 342
916414 174
917065 957
918223 383
918375 54
919578 891
920495 578
921430 167
921934 81
922137 135
922379 292
923160 123
923364 103
924172 697
925207 490
926162 37
926609 23
927297 14
927383 178
928530 557
929162 189
930207 436
930639 38
931556 293
932335 50
129
-72117 749
-71610 10
-71601 7
-70934 498
-70630 129
-69459 1587
-67892 861
-66744 1329
-64733 1516
-63792 387
-63721 255
-63687 207
-62775 109
-62645 111
-62423 103
-62414 126
-61999 550
-61394 599
-60832 393
-60296 402
-59243 1271
-58613 155
-55908 4330
-52535 746
-51891 1454
-50911 75
-49868 537
-49760 522
-48784 2220
-47286 275
-46993 382
-46245 132
-46174 5
-45890 9
-45883 7
-45842 10
-45838 84
-45344 284
-44888 372
-43652 1440
-42430 177
-42119 273
-39682 4056
-37537 218
-37165 135
-36918 594
-36024 2
-36023 2
-36021 2
-35420 389
-35360 78
-35203 93
-34592 77
-34219 662
-33527 168
-33395 151
-33324 151
-33004 390
-32499 525
-32323 12
-31397 605
-30866 112
-30725 230
-30115 586
-28695 1552
-27568 176
-27534 200
-26636 833
-25034 1263
-24100 207
-23308 314
-23137 20
-20743 3747
-16975 3242
-15178 121
-15046 60
-14784 49
-14762 1
-13997 1088
-13708 423
-12681 781
-11742 688
-10965 359
-10432 631
-9620 928
-8617 821
-7787 411
-6941 995
-4824 1011
-3386 3556
-624 724
-107 217
930 593
1747 1597
3079 488
3100 340
4268 384
4293 343
6333 3720
9424 1408
10852 869
11113 104
11919 307
12383 512
13442 768
15526 2628
17571 601
18427 636
19158 53
19196 18
19218 20
19834 546
20534 591
21996 2057
23149 133
23484 308
23887 491
24251 190
25121 1013
25403 522
26639 1182
28380 916
29596 623
30588 2076
32881 2227
34223 365
34679 390
34984 41
35043 35
1
-1000000 100000
138
-338072 1458
-337193 111
-337182 128
-336984 114
-336456 733
-335043 1079
-333823 128
-333782 65
-333775 68
-333760 63
-333745 64
-333738 57
-333411 46
-333395 64
-333358 48
-333125 53
-333054 56
-333042 64
-332989 56
-332921 70
-332832 47
-332824 51
-332659 47
-332575 53
-332573 61
-332552 51
-332506 50
-332498 76
-332461 61
-332423 63
-332178 40
-330923 2785
-327554 2532
-324846 1697
-322842 2109
-319735 905
-319464 879
-318550 124
-318544 130
-318465 129
-318086 123
-317998 511
-316271 1124
-315585 401
-315448 411
-315394 404
-314833 426
-313070 941
-311856 195
-311773 53
-311619 63
-311614 54
-311515 58
-311456 43
-311422 60
-310965 333
-310664 309
-310130 334
-309264 139
-309148 137
-309081 144
-308968 149
-308802 138
-308442 156
-308418 136
-308116 152
-307694 168
-307686 646
-306602 632
-306410 660
-305984 670
-305844 695
-305685 654
-305427 662
-305298 690
-304178 680
-303851 651
-301420 672
-301219 698
-298159 626
-297750 622
-296632 694
-295083 664
-294573 682
-294443 660
-294368 692
-293454 711
-292818 1557
-291821 221
-291610 62
-291569 64
-291501 58
-291130 265
-290718 235
-290626 232
-289008 2524
-286323 1426
-285698 1458
-285134 1470
-282210 724
-280723 739
-279882 710
-278892 3772
-274652 2445
-272780 880
-272088 699
-272078 711
-270862 727
-269518 734
-268768 955
-267099 69
-266762 2151
-265034 648
-265000 606
-264733 649
-263912 591
-263704 627
-260458 655
-260435 1325
-260142 110
-260075 130
-260037 141
-259859 142
-259812 119
-259490 129
-259441 116
-259237 103
-259162 126
-259046 119
-258710 136
-258638 149
-258637 169
-257977 5
-257968 6
-257949 34
-257132 811
-256088 546
-255407 575
159
-334566 1873
-333139 749
-332183 507
-330939 1497
-329812 1
-329547 175
-329429 105
-328750 556
-327935 401
-327304 411
-326932 126
-326455 343
-325475 963
-323837 1507
-322326 774
-321548 249
-321080 584
-319726 1486
-318543 528
-317468 1526
-316005 708
-315404 66
-315207 266
-314751 197
-314154 256
-313550 148
-313080 684
-311571 1679
-310587 146
-310435 73
-309967 241
-309380 673
-308459 1107
-307215 899
-306144 757
-305412 353
-304186 1392
-303092 16
-303078 21
-302571 519
-301407 1566
-300218 72
-300016 51
-299896 131
-299602 125
-299524 20
-299445 29
-298973 742
-298273 37
-297655 1133
-296486 1148
-295336 783
-294546 430
-294111 519
-292873 1285
-292185 186
-291859 267
-290635 1668
-289377 299
-288366 1150
-287372 747
-286255 1197
-285635 145
-285383 139
-284793 406
-284082 902
-283385 234
-282983 123
-282770 314
-282237 523
-281690 196
-281096 190
-281032 28
-280685 24
-279834 898
-279018 333
-278117 670
-277167 929
-276328 74
-276031 30
-275880 7
-275435 95
-275033 403
-274246 580
-273972 182
-273228 822
-272607 78
-271903 1300
-270652 360
-269900 405
-269329 136
-269164 188
-268645 662
-268147 307
-267384 431
-266956 36
-266869 25
-266846 11
-266126 1214
-265215 219
-265098 10
-264500 358
-264308 93
-263637 915
-262784 351
-262210 144
-261971 314
-261385 575
-260563 697
-258823 2410
-257448 128
-256797 406
-256009 368
-255175 794
-254527 123
-254429 296
-254009 42
-253520 534
-253159 36
-252554 229
-252221 733
-250931 1351
-249800 278
-249037 1042
-248468 15
-247693 917
-246644 42
-246363 1106
-244738 1437
-243540 522
-242997 332
-241734 1579
-240239 588
-239354 839
-238276 854
-237654 49
-237594 44
-237250 313
-236950 229
-236588 230
-236253 23
-235755 253
-235085 539
-234572 49
-234520 89
-234319 63
-233534 755
-232822 339
-231929 778
-231305 434
-230789 50
-230348 94
-230302 18
-230057 23
-229740 281
-229349 265
-228859 229
-228256 385
-227524 1008
170
-317233 115
-317222 150
-317195 147
-316624 340
-315833 586
-315713 606
-313558 1176
-313095 516
-312472 46
-312441 52
-312300 84
-311485 153
-311231 551
-310232 262
-309773 1223
-307678 1819
-305899 375
-304464 1192
-304393 34
-303926 31
-303852 31
-303836 24
-303720 11
-303703 7
-303701 14
-303069 13
-303041 16
-303029 74
-302733 77
-302043 917
-300957 897
-299068 1283
-298331 19
-298276 81
-297765 196
-297557 468
-297057 20
-297052 2
-295787 1173
-295036 213
-295026 234
-294955 193
-294598 257
-293721 179
-293567 184
-293206 210
-292205 324
-290990 2632
-289013 384
-288417 723
-287194 632
-286798 102
-286552 106
-286359 135
-286210 95
-286115 122
-286061 101
-286019 96
-285535 451
-285383 452
-283118 2735
-280644 1994
-280524 162
-279472 157
-278824 330
-277311 1439
-276210 650
-275618 555
-274924 24
-274923 16
-274909 18
-274881 65
-274220 27
-273644 876
-272213 697
-271928 686
-271234 205
-270874 94
-270818 89
-270797 83
-269740 558
-269427 337
-268352 571
-267732 1153
-266623 14
-266596 49
-266025 370
-265904 127
-263864 3176
-262005 400
-261558 586
-260896 460
-260635 125
-260225 228
-259464 3
-259462 5
-259458 7
-259453 3
-259447 6
-258766 1106
-258127 75
-258023 72
-258016 71
-257405 908
-256908 9
-256906 4
-256899 2
-256238 6
-256227 4
-256200 68
-255315 695
-255117 300
-254965 262
-254269 309
-254072 294
-253408 378
-253349 107
-253330 109
-253050 104
-252916 80
-252305 247
-252024 179
-251419 738
-250823 375
-250137 826
-249461 32
-249409 109
-248922 599
-248437 5
-248429 4
-248363 50
-248360 49
-248278 73
-248080 220
-247988 198
-247436 228
-247158 498
-246140 410
-245860 273
-245050 78
-244989 40
-244895 36
-244885 62
-244685 46
-244667 46
-244603 32
-244544 37
-244496 39
-244485 36
-244238 2
-244237 2
-244235 1
-243166 1177
-242004 174
-241720 106
-241688 106
-240840 535
-239833 592
-239204 493
-238616 354
-237571 955
-237483 615
-236301 893
-234718 1440
-233960 68
-233561 194
-233523 222
-233102 206
-232936 297
-232564 217
191
857049 1115
857653 359
858147 45
858229 43
859920 1785
861095 335
861388 112
861503 153
861992 277
862158 27
862188 25
862234 55
863283 1854
864288 193
864676 377
865433 318
866264 1014
867269 216
867665 614
868207 105
868251 11
868256 13
868950 814
869803 17
869812 3
869960 17
869998 63
870509 246
871692 2037
873111 224
873926 134
874379 719
874737 235
874973 258
875794 258
875997 248
876041 240
876439 185
876792 187
876943 331
878311 1138
879669 433
879907 166
880307 17
880324 56
881097 622
881260 247
881941 242
881986 228
882700 62
882958 65
883042 65
883087 275
884024 318
884640 888
886199 2225
888029 1436
889247 237
889568 161
889960 653
891178 1268
893815 2730
895890 353
896600 559
897701 1297
898200 328
899625 957
901314 806
901620 100
901854 113
902438 631
902911 169
903783 327
903790 71
903831 65
904096 83
904160 76
904218 64
904891 958
905861 1394
907344 245
907654 106
907723 152
908399 632
909617 1984
911015 107
911035 108
911187 728
911908 976
913477 1002
915470 2210
915927 483
917120 83
918064 914
919136 37
919182 165
919929 376
920737 882
920872 154
921327 169
922626 1540
924921 2761
926482 444
927671 19
928014 1449
929039 64
929408 146
929469 39
929689 44
929762 37
929769 45
929867 69
930626 238
930929 143
931033 149
931138 130
931259 144
931744 301
931759 92
931928 87
932177 95
932260 81
932288 78
933647 379
933688 404
933821 385
934052 653
935804 1094
937427 846
937770 55
938442 28
938466 64
939385 399
939394 407
940368 582
940833 17
940837 26
940871 30
940906 30
940927 30
941366 41
941397 14
941422 22
942272 1653
943180 308
944245 321
944447 93
944777 177
945024 145
945305 52
945864 40
946748 1374
947450 543
947983 37
947995 1
948985 788
949658 259
950598 41
950614 18
951025 510
951752 288
952354 31
952366 44
953204 144
953206 48
953219 50
954094 271
954884 89
955039 103
955180 508
956020 298
956179 54
956957 158
956987 57
957425 80
957990 61
959299 1101
960174 14
960197 14
960211 11
961619 2418
963405 864
964125 172
964237 249
965364 519
966278 781
967792 869
968788 464
969535 354
970217 341
971791 2861
127
-167108 43
-165871 2380
-163765 1271
-162060 2048
-160849 323
-160492 256
-160252 282
-159679 725
-159084 393
-157890 1571
-157021 43
-156663 176
-156217 322
-155420 1253
-153257 2615
-151748 576
-150693 538
-150379 41
-150129 551
-149631 94
-149529 128
-149398 101
-148472 1347
-146742 1731
-145239 1000
-144583 458
-143996 174
-143437 515
-143124 79
-143053 107
-142257 1315
-140950 789
-140116 355
-139617 218
-138945 1107
-137215 2098
-136099 33
-136026 67
-134181 3100
-132301 870
-131233 861
-130356 871
-128968 1002
-128468 378
-128128 135
-127258 1720
-125498 1462
-124299 424
-123799 465
-123289 126
-122765 1010
-122158 126
-121791 60
-121258 419
-120600 229
-120516 188
-120101 174
-119635 158
-119309 3
-119179 319
-118123 1731
-116891 78
-116668 549
-116092 395
-115783 281
-115334 383
-114968 160
-114578 27
-114213 369
-113885 149
-113768 60
-113375 335
-112516 1046
-111585 550
-111109 175
-109987 1904
-108777 235
-108405 358
-107585 996
-106934 887
-105205 1856
-104228 25
-103826 378
-103443 75
-102791 1300
-101652 897
-99784 2713
-98086 351
-97963 302
-97387 446
-95962 1901
-94644 532
-93783 1069
-92983 578
-91852 768
-88578 5996
-84902 877
-83411 1608
-82281 32
-82271 12
-82267 14
-81672 585
-80708 962
-79701 877
-78990 256
-78895 198
-78739 273
-78338 248
-77715 842
-76655 405
-76089 1360
-74968 729
-74094 413
-73117 1337
-71816 1123
-70823 321
-69952 1053
-69203 514
-68496 438
-68207 149
-67969 144
-67558 384
-67061 371
-66718 134
-66101 836
-65874 167
-65021 598
180
363450 518
363902 378
364178 22
364404 13
364517 786
365271 697
365692 125
365731 22
365890 241
366083 107
366131 311
366780 495
367111 340
367267 47
367497 336
367562 1
367642 4
367697 48
367734 17
367930 284
368115 269
369617 2636
372673 3468
374622 326
374703 92
374801 102
374939 33
374983 35
375032 38
375266 446
375494 275
376050 361
376360 458
376865 537
377140 71
377224 37
377243 6
377523 447
377660 141
377871 133
378065 173
378196 91
378283 43
378684 778
379234 217
379246 70
379315 60
379452 62
379722 465
380025 132
380117 31
380133 30
380166 34
380190 1
380195 10
380218 22
380298 79
380333 75
380485 215
381704 2201
382908 125
382940 103
383514 385
383713 388
384055 833
384730 453
385721 1115
386355 266
386493 22
386534 24
386544 62
386656 59
386693 293
387230 367
387334 54
387509 251
387659 148
387911 168
388878 1846
390064 506
390114 2
390132 8
390151 4
390208 2
390965 1268
391744 282
392011 245
392254 223
392338 21
392388 269
392903 320
393322 669
393846 392
394127 165
394260 249
394659 209
395033 794
395711 187
395761 185
395940 152
395996 74
396856 1559
397590 41
397725 47
397766 51
397851 99
398467 1184
399266 405
399446 423
400438 850
400829 163
401483 1135
402179 293
402466 169
403112 1186
403746 80
404008 435
404279 102
404410 151
404927 741
405090 353
405936 359
406151 409
406400 54
406414 50
406500 60
406635 180
406764 157
406956 189
407121 306
407604 313
407707 190
408146 507
408685 610
410566 3068
412307 777
412872 79
412878 87
413138 129
413390 299
413769 739
415318 2268
416505 89
416551 29
416577 18
416658 53
416694 122
416867 185
416982 343
417646 445
417817 125
418727 1428
419435 738
420062 64
420329 411
420694 246
420991 460
421324 30
421339 154
421651 436
422087 93
422140 96
422169 116
422184 110
422216 104
422441 231
423089 897
423311 46
423594 114
423937 481
424203 101
424289 133
424360 122
424744 273
424846 57
424892 65
425016 185
425299 366
425538 184
425859 330
2
999999 50000
1000000 50000
123
93203 1286
93204 476
93442 438
93582 416
93733 419
94524 379
94770 405
95337 429
95817 401
95838 409
96164 398
96735 395
97549 422
97930 438
97998 445
98043 414
99123 393
99373 405
99940 408
101333 402
101604 431
102608 440
102820 392
103313 419
103687 409
103760 411
104731 385
105160 407
105209 393
105274 411
105800 420
106460 408
106928 426
107260 418
107419 398
107514 385
107767 379
108245 423
108552 411
108921 65
108966 25
108982 7
109002 21
109018 25
109030 17
109046 18
109087 13
109112 14
109131 16
109193 28
109209 18
109221 17
109226 17
109235 20
109248 27
109597 209
109687 66
109745 78
110066 78
110101 68
110207 70
110292 76
110300 87
110338 63
110471 72
110475 64
110552 74
110601 63
110709 64
110808 81
110845 81
110862 83
110930 86
110934 70
110986 76
111090 74
111130 70
111184 75
111262 80
111555 71
111641 69
111795 73
111813 70
111841 61
111859 66
112798 1895
114621 882
115517 899
116602 877
117142 913
118675 10610
138428 5320
138867 5367
158139 37065
177338 910
177404 146
177481 138
177491 114
177828 116
177897 155
178523 130
178603 134
178725 134
178999 151
179049 125
179110 114
179215 122
179796 357
180511 342
180636 323
181156 345
181502 385
181555 382
181748 327
181952 357
182552 370
182775 382
183205 355
183681 363
183853 339
184414 336
185256 408
185479 629
149
-41153 1370
-39898 1348
-38327 1152
-37747 82
-37618 352
-37215 35
-37107 563
-36500 489
-36395 97
-36110 464
-35289 646
-34960 58
-34701 472
-33563 1625
-32656 87
-32520 107
-32201 499
-31862 94
-31832 12
-31825 31
-30629 1612
-29927 1365
-28123 1285
-26823 1280
-25160 2011
-23981 193
-23864 23
-23775 110
-23688 40
-23673 8
-23256 695
-23110 137
-22792 148
-22293 657
-21746 363
-21147 768
-20178 1082
-19569 24
-18282 2388
-17070 338
-15978 1490
-15100 145
-14870 447
-13979 1000
-11692 3928
-9577 70
-9491 70
-9387 273
-7464 3509
-5624 341
-5083 322
-4782 289
-4695 130
-4671 124
-4354 121
-4159 131
-4127 109
-4047 122
-2726 2455
-1312 179
-1261 119
-1060 87
-936 219
-319 968
195 262
685 290
1005 583
1349 335
2020 414
2340 435
2692 223
2830 11
2929 56
3010 9
3134 20
3187 327
4030 1100
4338 329
4899 170
5166 167
5535 10
5763 970
6486 400
6770 85
7764 1819
8788 97
9084 465
9465 169
9706 344
10220 403
10574 342
11790 2028
12933 224
12953 11
13148 175
13406 120
13539 210
14706 1992
16032 578
17599 2492
19158 761
20034 417
21174 913
21230 977
22191 893
22965 6
23011 97
23300 326
23600 129
23714 35
23742 40
23811 60
24010 301
24224 102
24306 53
24362 37
24809 766
25286 172
25939 1020
26679 332
27004 300
27214 102
28250 1191
28277 391
28286 392
29432 219
29602 184
29956 693
30921 494
31016 23
31059 22
31365 581
31814 379
32301 313
32535 432
33058 250
33323 310
33606 351
33906 121
33992 127
34385 634
35192 953
36162 1182
37547 351
37607 344
37888 233
37899 138
38155 141
38595 624
110
-28744 2157
-26486 2164
-24807 980
-24332 323
-23939 31
-23300 1095
-21786 1783
-19477 2656
-17701 866
-17205 134
-14344 5512
-9858 3407
-7105 2016
-5889 1021
-3978 1610
-3327 80
-3036 428
-2520 99
-2098 1273
-905 1002
-263 416
260 497
370 9
421 7
503 4
2351 3527
5107 1906
6546 913
7439 735
7801 19
7813 21
7893 29
7898 135
8803 1479
11268 3425
14051 2070
15696 1029
15900 50
16060 51
16342 76
18388 3819
22373 4008
24445 186
24725 208
24946 224
25327 480
26626 1988
27937 544
28439 302
29491 1725
30825 804
31507 656
31944 67
32132 449
33070 939
33916 836
34730 340
34983 590
35476 238
35742 123
36122 567
38178 2840
38985 1080
40476 200
40638 66
41072 728
42475 1751
42780 441
44334 1348
45083 7
45091 6
45150 82
45217 37
45233 49
45451 286
46917 3373
50675 2001
51339 657
52576 1761
53788 529
54003 72
54540 752
55271 415
55320 395
56258 488
57206 1746
58643 36
59074 33
59194 2009
60471 309
60559 10
61171 669
61250 209
61324 233
62040 372
63042 1499
64554 1414
65676 627
66021 213
66101 175
66639 339
66769 73
66811 16
66944 239
67129 72
67299 133
69411 3918
72347 1941
73430 145
73594 78
189
-611505 139
-611085 454
-610286 63
-610143 252
-609067 738
-608610 148
-607574 1049
-606292 1052
-605270 333
-604757 54
-604744 9
-604188 483
-603119 504
-602174 268
-601912 145
-601294 144
-600513 588
-599778 555
-599378 139
-599175 7
-599170 4
-599086 68
-598723 338
-597180 2091
-595794 81
-595496 60
-594870 137
-594475 70
-594385 54
-593773 51
-592923 954
-591846 835
-590921 161
-590643 310
-590138 52
-589654 19
-589446 1
-589444 1
-589234 51
-588658 313
-587981 12
-587188 538
-586381 581
-585898 75
-585819 56
-585433 205
-584392 1275
-583016 1093
-581325 1136
-580421 85
-579810 903
-578851 202
-578309 165
-578014 821
-576692 778
-575737 64
-575311 307
-574943 476
-574330 322
-573678 1203
-572770 57
-572225 458
-571151 567
-570718 392
-569678 475
-569002 321
-568186 698
-566043 2593
-564440 374
-563747 841
-562676 184
-561554 926
-560960 219
-560473 438
-559838 601
-558832 343
-558566 15
-558544 14
-557990 901
-557092 30
-556642 688
-555861 66
-555776 123
-555573 195
-554951 883
-553770 622
-552879 206
-552512 74
-552256 359
-551493 407
-550778 79
-550631 139
-550367 379
-549974 46
-549436 8
-548257 1763
-546892 38
-546644 38
-546191 294
-545232 663
-544150 440
-544016 74
-543033 637
-542650 38
-542556 223
-541327 1550
-539986 142
-539526 138
-539070 65
-538639 15
-538460 11
-538432 30
-537954 841
-536723 1182
-536016 212
-535348 179
-534633 633
-533893 39
-533617 13
-533288 387
-532429 164
-532318 122
-531634 928
-530784 65
-530367 75
-529899 344
-528787 1869
-527243 494
-526521 79
-525011 1912
-523843 220
-523794 92
-523352 9
-523190 35
-522786 584
-521574 775
-520741 111
-520692 4
-520552 197
-519886 565
-519262 401
-518509 58
-518117 42
-518098 6
-517788 139
-517509 278
-516774 171
-516259 310
-515785 127
-515600 91
-515004 157
-514259 363
-513965 200
-513748 85
-512547 2018
-511020 115
-510524 109
-510467 22
-510208 423
-509213 466
-508809 52
-508203 592
-507256 194
-506599 110
-506374 69
-506054 120
-506014 9
-505183 464
-504714 97
-504563 4
-504223 512
-503487 36
-503479 11
-502864 220
-502190 263
-501710 379
-500910 486
-500302 508
-499129 843
-498425 535
-497765 424
-497233 357
-496903 180
-496471 190
-495901 20
-495150 650
-493738 1156
-492923 47
-492605 130
135
-607194 214
-606384 1198
-605045 1339
-603325 1818
-602246 268
-601243 1157
-600064 332
-599828 92
-599203 45
-597314 2174
-595659 200
-594585 661
-593558 373
-592767 117
-592349 74
-591724 500
-590968 263
-590471 101
-589346 896
-587760 1212
-586555 1057
-585484 86
-584750 186
-583981 328
-583553 15
-582975 1099
-581759 919
-581111 333
-580441 252
-579924 773
-579152 640
-578064 424
-577571 346
-576893 737
-575798 59
-575302 655
-574401 294
-573782 271
-572955 1062
-572153 164
-571352 799
-570316 17
-570096 351
-569804 159
-569283 127
-568171 1383
-566578 1060
-564727 1135
-563430 120
-563087 157
-562471 90
-561095 1189
-559693 214
-559114 354
-558476 13
-558134 344
-557583 124
-556619 485
-556056 271
-555139 179
-553962 844
-552603 1379
-551390 138
-549903 1297
-548474 793
-547248 947
-546587 149
-546401 194
-545574 75
-545066 396
-544445 438
-543868 285
-543548 144
-543123 228
-542364 792
-541056 856
-539677 719
-538588 214
-537600 880
-536622 142
-536056 918
-535554 171
-535128 334
-534510 84
-533268 940
-532274 180
-531341 1551
-530460 12
-529661 93
-528168 1439
-526845 644
-525786 184
-525027 142
-524160 534
-522256 2662
-520169 374
-519394 938
-517717 1098
-516057 862
-515079 828
-513662 898
-512589 929
-511450 680
-510050 580
-509466 63
-508844 41
-508535 124
-507512 432
-506520 814
-505969 184
-504861 1249
-503929 533
-503550 64
-502786 412
-502132 2
-501683 861
-500336 1504
-498926 289
-497797 1741
-496415 791
-494969 1209
-493700 540
-492646 55
-492362 20
-492221 8
-491779 340
-490844 1491
-489842 22
-489675 48
-488098 1708
-486326 1082
-485066 68
-484412 1113
-482933 427
-481985 149
127
776606 2360
777606 1086
778761 1056
779087 1079
779380 1090
782562 1038
783130 1066
783776 1118
786903 1095
787064 1083
789332 1036
789658 1006
791853 1051
792834 999
793337 1124
794733 1003
795739 1070
797432 996
798865 1051
799020 1077
800538 1043
800776 1077
801366 1065
801997 1035
802854 1029
804069 968
805862 1049
807889 1005
808596 1052
808657 1082
811485 1165
812160 1079
812219 1001
813115 925
813551 907
813888 896
814280 911
815440 895
815530 924
815701 935
816580 955
817169 867
817270 896
820178 907
825422 914
828483 899
828803 924
829178 4429
829993 1582
832292 510
832307 525
832737 502
833387 507
833831 507
834837 533
835164 517
835204 561
835533 509
836126 516
836584 574
837020 506
837375 503
838489 531
838616 514
839295 512
839938 501
840106 526
840992 511
841269 498
841771 547
843059 2094
845295 988
845397 344
845730 210
845839 172
845988 169
846291 182
846367 222
846626 208
846784 228
847603 204
847659 230
847695 201
847930 229
848264 183
848539 235
848652 224
848727 206
848767 197
849062 3133
850319 1083
852200 1047
855829 1111
857902 1028
857924 1059
857929 1026
859698 1073
861673 1037
862445 1064
862920 1102
863058 1093
865090 1070
865749 1054
867169 1117
867694 1050
867997 1038
870622 1106
871159 1107
871898 1097
872124 1076
873663 441
874009 193
874244 213
874699 232
875008 237
875076 208
875428 180
875507 199
875692 228
876134 214
876192 240
876347 45
876369 37
876372 39
876491 57
876558 46
876569 84
113
341654 1076
342609 114
344060 1779
345891 382
348379 3082
350917 735
351981 57
352829 1248
353914 1
353928 29
354561 944
355626 175
356969 1356
358041 40
358793 86
359022 75
360284 2114
362055 168
363537 2265
365490 718
365601 284
367055 1966
369125 1696
371111 1202
372269 826
373602 1488
375990 2793
377879 117
378848 1231
379696 442
380305 92
380997 1021
382353 1348
383707 820
384734 379
385741 1073
386868 57
388799 2747
391500 1754
391610 515
393223 379
393866 148
394533 790
396048 1002
397537 1359
399071 305
399816 427
400882 346
401478 130
401577 50
402791 1347
404808 1422
406435 1488
407797 91
408831 1647
410156 565
411248 427
411951 4
411954 1
412408 613
413566 164
414398 38
415296 598
415870 58
415897 8
417058 1251
418544 309
419824 1920
422086 1008
423098 48
423594 14
423714 275
424617 868
427110 3727
429557 279
430424 50
430973 330
431839 162
432375 865
435399 4183
438727 1143
439819 422
441291 1193
442757 683
444360 1190
445596 969
446586 328
447631 516
449153 1077
450199 7
450263 121
450659 620
452004 1061
452951 729
453923 734
455559 1235
456425 9
457148 61
457765 533
458738 441
459625 538
460229 250
460839 101
461201 286
461487 303
462229 216
462682 573
463672 425
464899 1112
466035 163
466730 901
468086 181
469001 1434
151
-394237 82
-393316 81
-392869 79
-391788 69
-391635 5169
-388611 318
-387541 1434
-386475 361
-386206 333
-385733 464
-384668 1512
-383313 963
-383226 187
-382716 222
-382470 8
-382460 9
-382306 1289
-379067 3851
-376895 150
-376737 168
-376549 122
-376520 161
-375871 798
-374939 358
-374621 420
-374155 434
-373203 229
-372960 278
-372390 280
-371919 2258
-370611 1
-370610 2
-370608 2
-370271 866
-366621 5979
-363330 620
-362835 122
-362833 105
-362767 129
-362643 127
-362497 139
-362378 134
-361974 321
-361723 813
-360805 784
-359248 1290
-358699 109
-358633 12
-358154 196
-357778 193
-357638 761
-356995 956
-354428 3370
-352557 329
-352533 215
-350119 4074
-347862 225
-347720 114
-347668 109
-347265 129
-347188 113
-347022 108
-347004 100
-346932 114
-346702 1
-346700 3
-346698 3
-346695 1
-346691 5
-345885 236
-344262 3780
-341735 48
-341706 34
-341503 48
-341201 1640
-339944 1153
-337519 2352
-335278 1022
-334890 951
-333688 1801
-331713 549
-331639 511
-330679 547
-330513 525
-329856 125
-329693 119
-329442 327
-328898 208
-328653 234
-328558 191
-328288 182
-328146 228
-328143 279
-326708 104
-326176 110
-325970 2948
-324330 519
-323396 478
-322864 457
-321920 1312
-320396 1225
-319724 30
-319708 36
-319635 61
-319454 233
-318014 2027
-317561 900
-315364 824
-315188 830
-313407 767
-313198 808
-312356 783
-312103 7
-312086 12
-312085 17
-312083 13
-312079 16
-312071 11
-312066 9
-312004 13
-311978 12
-311947 51
-311617 277
-311417 279
-310926 129
-310865 31
-310852 38
-310794 25
-308788 3935
-306551 422
-306092 43
-306002 47
-305927 34
-305872 38
-305794 55
-305746 40
-305675 39
-305587 524
-304157 2002
-302827 982
-301851 656
-300633 585
-300411 623
-300119 580
-299333 37
-299299 113
-298990 241
-298801 219
-298472 235
-297959 215
-297868 523
125
-147865 1702
-146571 379
-145755 78
-145410 268
-145037 205
-143577 1728
-141780 1474
-139845 2298
-138492 77
-137814 71
-137723 83
-136387 1205
-135471 128
-134839 709
-133932 509
-132842 254
-132132 702
-131485 54
-130808 205
-129716 571
-129205 378
-128610 106
-128553 6
-127893 326
-127521 319
-126852 1012
-124566 2274
-121916 1936
-120663 245
-119543 858
-118527 549
-117768 343
-116874 57
-116840 33
-116092 285
-115489 61
-114935 183
-114499 596
-113324 629
-112570 448
-112232 10
-112175 118
-111550 180
-111070 295
-110724 385
-109749 639
-108575 998
-107667 383
-106760 185
-106074 480
-105478 86
-105334 208
-104887 318
-104491 361
-103793 426
-102773 1451
-101732 86
-101488 225
-101218 59
-100845 144
-99581 1193
-97955 988
-96511 1038
-95384 308
-94603 981
-93463 85
-92919 135
-92270 30
-91858 765
-90922 453
-90357 633
-89124 856
-88573 155
-88215 92
-87245 667
-86222 616
-85216 444
-84400 1
-84399 1
-83583 217
-82983 741
-81170 1539
-79572 417
-78762 530
-77662 1121
-76900 218
-76351 98
-75529 393
-75102 120
-74291 183
-73192 960
-72332 621
-71465 786
-70674 496
-69982 61
-67904 2710
-65922 226
-65568 435
-63756 1805
-61948 989
-60764 740
-59430 801
-57657 1544
-55751 1591
-53923 1379
-52487 405
-51902 306
-50863 893
-50126 133
-49338 1083
-48519 155
-47747 29
-47298 515
-46076 1562
-44033 1237
-43304 143
-43063 160
-42312 391
-41653 512
-40669 1371
-39830 182
-39397 534
-38681 748
-38196 200
-36181 2900
101
-995245 269
-994829 555
-994489 119
-994403 47
-993387 1976
-992104 584
-991803 10
-991768 55
-991064 1347
-990272 230
-989919 471
-988849 1661
-987637 754
-986660 1194
-984699 2719
-983249 122
-983205 88
-982723 797
-982051 540
-981092 1373
-978893 3016
-977370 25
-976723 1263
-976025 127
-975616 684
-974950 641
-974091 1070
-972450 2205
-971179 331
-970654 713
-969787 1015
-968764 1049
-968007 365
-967793 129
-966081 3287
-964220 428
-963852 299
-962577 2246
-959680 3539
-957420 976
-956010 1838
-954617 941
-953959 367
-953591 363
-953120 571
-952413 838
-951544 890
-950657 878
-950030 375
-949270 1139
-948286 824
-947866 9
-947740 238
-946870 1494
-945503 1233
-944819 129
-944219 1064
-942366 2636
-940829 431
-940582 58
-939381 2336
-938068 284
-937258 1332
-936568 40
-935954 1179
-934529 1662
-933635 121
-933259 625
-932547 625
-932361 282
-931941 182
-931340 1013
-930660 339
-930446 82
-930245 312
-928819 2534
-927264 572
-926877 194
-926554 443
-925685 1286
-924358 1360
-923203 944
-920619 4220
-917905 1198
-917300 16
-917277 14
-917224 91
-916771 807
-915881 967
-915390 6
-915241 288
-914393 1401
-913688 1
-913666 37
-913559 171
-912763 1415
-911786 532
-910947 1137
-910283 183
-910097 183
-908641 2723
188
140782 41
140834 39
140873 31
141113 320
141484 332
141872 418
142420 371
142657 416
142970 28
143319 508
143713 194
143953 144
144084 40
144123 73
145046 1492
145589 226
146008 31
146466 776
147074 431
147658 1124
149263 541
149438 576
149642 7
149716 154
149980 232
150341 317
150410 115
150684 63
150691 51
150824 112
150948 117
151033 71
151314 295
151549 254
152016 553
152388 171
153038 1042
153505 141
153881 355
154385 578
155017 845
156165 846
156620 221
156976 392
157345 175
157484 23
157501 11
157731 20
158107 1006
158668 17
158718 72
158805 73
159002 236
159086 59
159289 123
159511 88
159529 85
159702 97
159729 16
159836 134
160040 114
160167 20
160223 192
160370 132
160570 101
160627 106
161011 581
161572 400
162364 1048
162942 29
162962 5
163165 269
164239 1721
165090 58
165734 982
166219 178
166439 12
167044 693
167295 649
167998 149
168118 48
168206 61
168576 609
169377 974
170024 222
170192 61
170357 141
170896 831
171420 112
171438 32
171518 23
171604 163
171876 260
172159 451
172701 401
173047 354
173304 24
173346 37
173941 1001
174622 203
174714 4
175226 824
175704 61
175771 131
175901 230
176347 313
176854 704
177403 286
177714 155
177927 300
178600 967
179433 563
180463 1450
181214 37
181321 172
181445 4
181458 20
181787 516
182383 530
183188 1041
183831 117
183912 148
184048 12
184051 15
184099 86
184213 123
184455 166
184595 161
184778 173
185066 304
185245 32
185284 34
185326 42
185804 838
186304 124
186422 81
186617 233
186900 207
187124 124
187268 46
187318 34
187633 586
188087 270
188505 418
188920 214
189001 50
189714 1111
190403 24
190408 97
190730 382
191007 6
191012 5
191118 30
191340 385
191780 374
192042 58
192344 361
192616 9
192624 5
192632 4
192637 5
192644 7
192703 83
192773 130
193020 150
193511 925
194148 248
194685 673
195389 883
196508 679
196783 124
197104 419
197350 254
198710 2171
200074 492
200958 1170
201903 794
202412 158
202644 137
202734 45
202848 79
202981 94
203474 791
204079 244
204219 275
204556 143
205047 763
206019 1100
200
680137 48
680156 33
680176 51
680181 39
680227 46
680253 32
680275 46
680346 26
680429 41
680482 51
680532 27
680535 40
680554 45
680567 44
680657 37
680673 33
680764 52
680847 39
680887 47
681064 33
681086 39
681195 41
681222 218
681928 1434
683887 666
684012 701
684199 660
684438 680
686347 2111
688498 1633
690378 1660
691343 595
691377 157
691957 166
692063 146
692169 139
692301 174
693005 159
693032 179
693081 170
693261 146
693280 166
693723 777
694855 1338
696520 4324
701227 2741
705906 2580
706661 2617
707935 27
707966 24
708005 75
708971 269
710190 261
710620 4027
713308 1095
714677 282
714899 314
714933 304
715077 122
715339 247
715690 398
716408 401
716536 404
716915 336
717031 353
718341 297
718648 353
718778 366
718895 364
719158 354
719491 368
719683 337
719969 365
720160 357
720243 386
721746 1007
723024 737
723046 740
724107 255
724291 114
724460 111
724486 116
724614 100
727164 4087
727915 291
728894 282
729075 264
729554 288
730335 79
730437 95
730473 123
730504 99
730641 97
730852 103
731122 106
731158 100
731161 94
731314 116
732085 1014
732764 780
734162 760
734608 83
734632 69
734665 72
734720 71
734789 69
735113 467
736250 2785
739964 1766
741538 1794
742135 656
742988 605
743672 642
744039 34
744056 18
744068 28
744073 23
744098 30
744129 23
744144 26
744153 21
744175 23
744189 19
744244 22
744697 837
745113 392
745858 395
746054 417
746659 434
747001 451
747146 391
747846 398
748785 1080
749955 1109
751031 547
752376 1320
753109 1357
754141 4
754153 6
754156 7
754158 9
754162 6
754164 2
754173 3
754175 6
754185 5
754573 245
754577 27
754654 16
754709 19
755615 1417
755789 167
755920 203
756898 455
757171 496
757738 468
758017 552
759274 852
760569 1694
762898 878
763206 916
764283 2548
766603 653
766827 518
767033 506
767798 213
767856 96
767992 119
768132 101
769504 2276
770927 302
771383 306
771750 579
772723 891
773175 306
773197 307
773728 257
773800 272
773984 275
774914 263
774978 263
775126 279
775186 259
775500 261
775762 297
776078 251
776635 234
776848 241
776912 257
777114 241
777789 224
778081 234
778326 349
780248 1782
781019 893
781801 936
782898 916
782928 904
783145 894
784724 899
118
766458 1994
766660 481
767737 464
769337 516
769924 515
770067 458
770624 510
770820 518
772259 496
772337 482
773502 502
774037 498
774801 489
775157 536
775570 517
775656 494
775761 482
776138 494
776240 512
777064 510
777895 478
778312 481
778600 494
778711 449
780073 1664
781436 894
783284 895
783927 894
783994 884
784212 888
786526 1831
787579 116
787608 125
790055 4312
792437 711
793033 560
794357 560
794814 577
794902 560
795313 559
795515 553
796469 561
797858 556
798506 536
798658 575
799148 262
799177 239
799245 269
799533 275
799914 266
799959 271
800518 352
800921 324
801443 303
801617 372
801722 340
802507 332
803530 320
803708 360
803719 317
803775 344
804058 1584
809941 5451
812907 6739
818933 3456
819583 1096
823830 1109
825147 1063
826130 1080
826376 1048
827002 562
827114 97
827122 117
827426 127
827631 139
828444 1580
829729 511
830432 481
830707 498
832279 2473
833186 132
834881 2115
835666 311
835905 276
836106 306
837065 312
837458 310
838028 321
838125 276
838289 283
838660 286
838773 306
838876 336
839398 37
839509 26
839530 26
839553 47
839559 46
839641 33
839650 36
839683 47
839747 43
839778 34
839809 35
839843 35
839857 40
839875 46
839883 38
839895 33
839935 39
839969 34
839992 31
840034 46
840126 32
840186 39
840192 30
840221 25
840271 74
154
661881 151
662276 57
662590 138
664073 994
665598 199
666504 334
666668 287
667434 12
668687 1819
670544 653
670739 361
671436 1
671902 636
673093 1135
673922 139
673932 149
674234 199
674477 275
675476 652
676298 142
677085 48
677330 657
677727 120
678110 505
679359 516
679807 158
680280 11
680291 54
680780 400
681704 344
682550 160
683653 530
684507 395
686366 2307
687317 14
687998 328
688218 227
689005 1257
690582 1
690597 47
691505 272
692044 151
693097 897
694005 403
694616 130
694967 717
696040 418
697142 128
697615 586
698579 1088
700145 1292
701240 417
702253 1092
703007 14
704038 176
705013 183
705285 235
705999 107
706839 21
706841 18
707157 8
707846 457
709068 340
709888 615
711213 906
712373 325
712515 224
713565 526
714531 69
715046 1496
716216 575
717597 888
719021 358
720084 3
720089 5
721116 198
721450 256
722462 44
723290 189
724362 1210
725581 956
726723 623
727074 63
727970 304
728438 198
728687 57
728856 253
729852 95
730293 42
730373 192
731263 49
732053 435
733240 202
734134 109
735198 1527
737121 1667
738296 43
739230 221
739494 295
740168 473
740245 123
740505 119
740577 108
741652 593
742382 389
743063 629
744188 169
745034 630
745652 130
746067 215
747332 669
748826 645
749897 1358
750941 99
751746 23
751812 106
752930 453
753381 405
754275 8
755406 449
756522 88
756618 64
757326 1038
758838 736
759501 213
759581 108
760576 20
761540 230
762216 70
762334 89
762799 796
764742 2386
765964 974
767157 62
768052 388
768822 582
769293 9
769556 848
771173 2130
772845 226
773189 213
774281 388
775121 849
776247 121
776526 634
777128 292
777565 222
777724 100
778482 1017
779485 571
780448 124
780571 71
782266 2483
784889 1353
158
361673 173
361756 198
362224 250
362486 740
364144 1718
365378 646
366034 301
366475 380
367522 501
368719 2879
370387 256
370700 213
371253 751
371843 936
373602 1361
374563 1385
375892 869
376978 884
377555 539
378182 227
378304 243
378588 444
379122 19
379569 1141
381147 1666
382167 843
383561 746
384514 1294
384710 135
385181 114
385298 135
385378 94
386044 587
386359 133
386921 802
387518 42
387564 30
387653 34
387737 305
388461 771
388572 17
389208 845
390435 918
391055 430
391406 155
391494 12
391498 9
391526 14
391536 24
391875 241
392203 185
392279 168
392533 157
392920 29
393092 23
393588 1540
394752 420
395036 90
395272 112
395469 77
395528 84
395664 172
395808 37
395863 38
395906 36
395915 48
395926 48
396296 448
396715 350
396897 306
397787 371
398082 263
398444 278
398465 261
398536 246
398548 246
398799 251
398828 238
400251 1309
401410 316
401838 294
401877 288
401919 304
402521 300
402537 287
402868 301
403312 492
404566 1644
406349 1656
408213 1813
410292 2148
411686 630
413061 1083
413397 1025
414400 652
415902 671
416123 1061
417384 763
418748 645
418832 616
419175 626
419564 643
420694 712
421740 1114
422603 31
422650 563
423321 227
424755 1511
424972 478
425273 459
426436 162
426490 54
426889 1161
428792 1221
429356 1143
431106 1287
431727 44
431832 138
432116 7
432123 6
432131 6
432379 1448
434221 596
435516 578
435629 579
435988 556
436375 167
436492 150
436653 124
437093 484
437777 688
438702 1195
439184 69
439737 640
440117 202
440441 106
440666 514
441212 8
441491 910
442480 915
443417 207
443632 205
443755 182
443967 185
444306 192
444583 1093
445339 118
445486 123
445742 445
446194 177
446209 139
446238 132
446614 129
446932 133
446981 124
447045 149
447148 130
448072 1470
118
-625079 305
-624752 512
-623880 590
-623289 1969
-619547 3417
-617882 421
-616774 1388
-616193 147
-615296 858
-614968 104
-613788 1953
-612736 1
-612734 1
-612733 2
-612730 1
-612729 2
-612506 413
-612092 123
-611616 1036
-611544 1075
-608271 1682
-608001 99
-607114 1299
-604082 4601
-601005 1771
-598818 1207
-598399 451
-598123 103
-597496 1032
-596496 118
-595799 2020
-594525 443
-594236 57
-594224 45
-594073 54
-594029 65
-592975 1811
-590279 3562
-588255 1919
-584489 2118
-582989 2467
-581415 667
-580261 1018
-578031 3285
-575397 565
-575109 616
-574978 957
-574028 6
-574025 9
-574002 20
-573796 131
-573725 18
-573716 11
-573475 50
-573384 121
-572099 2267
-570738 264
-570239 345
-570175 42
-569933 12
-569558 294
-568766 602
-568567 314
-568475 299
-568002 274
-567203 981
-566764 45
-566533 254
-565548 1287
-564159 930
-563848 305
-563135 557
-562087 584
-562041 631
-561232 562
-560406 587
-559491 2476
-557557 704
-556984 101
-556668 591
-556126 33
-555350 1124
-554690 57
-554684 61
-554574 66
-554384 144
-553580 1608
-552420 542
-552136 57
-552101 78
-551926 155
-551770 132
-551487 158
-551364 148
-551064 173
-550304 1184
-549507 48
-549404 166
-549005 583
-546660 4182
-543534 1265
-542872 599
-542208 371
-541654 526
-541343 10
-541325 55
-541038 144
-537572 6752
-534127 38
-534073 88
-533106 1736
-532017 32
-531891 200
-531616 245
-530948 872
-530440 181
-530329 34
-528202 4047
200
-49178 477
-49115 508
-48648 461
-48424 483
-48075 479
-48064 496
-46646 493
-46583 491
-46484 490
-46189 468
-44989 493
-43403 474
-43121 480
-42067 462
-40752 488
-40536 497
-39664 470
-39418 467
-39024 494
-38725 471
-38210 459
-37050 473
-36896 482
-36765 454
-36626 519
-36141 489
-36038 488
-35667 470
-35666 514
-35521 518
-34884 464
-34774 516
-34665 456
-34555 500
-33154 477
-32936 500
-32848 485
-32121 448
-32068 491
-31874 507
-29714 464
-29520 503
-29326 490
-29193 478
-29003 510
-28401 527
-27391 464
-26888 468
-26750 502
-26669 479
-26550 481
-26414 484
-26097 500
-25467 496
-25016 481
-24935 464
-24285 459
-24224 485
-24189 471
-22987 496
-22294 485
-22236 517
-22169 498
-21433 508
-21425 500
-20602 454
-20279 502
-19912 491
-19435 529
-19276 485
-18548 499
-16400 488
-16215 500
-15433 481
-15221 451
-14994 505
-13062 510
-12549 478
-12063 529
-11774 504
-11710 461
-10910 459
-10448 491
-10156 510
-9777 471
-8664 484
-8121 466
-7828 473
-7546 485
-7227 487
-5894 471
-5706 484
-5078 475
-4750 482
-4460 511
-4382 510
-3940 549
-3915 466
-3906 480
-3447 507
-3296 475
-2615 447
-2500 477
-2350 536
-2073 499
-2011 480
-1578 490
-1489 464
-514 495
948 463
1081 489
3115 478
3644 460
4011 479
4394 476
4593 490
5382 477
6225 514
7097 496
8885 467
9309 502
9767 438
10322 475
10328 504
10513 439
10621 488
10810 456
11215 490
11270 473
11863 458
12094 500
13013 536
13129 480
14299 470
14729 462
15900 476
17077 472
17181 476
17302 495
17695 493
18514 509
18822 517
19379 490
19844 489
20005 477
20607 469
21689 490
21959 468
23296 441
23467 490
24187 473
24346 470
24584 484
24695 503
25904 470
26187 493
26538 494
27857 512
28658 527
29448 482
29842 443
29954 472
30560 479
30911 441
31232 529
31515 507
31703 503
31768 489
31800 488
32197 487
32479 498
32835 481
33402 477
34950 468
35158 489
35445 498
35456 505
36610 440
36720 460
36890 498
38812 507
39035 486
39367 463
40493 475
41235 475
42111 492
42388 462
43805 514
43926 492
43935 470
44584 523
45791 464
46242 505
48012 494
48304 468
48544 491
48759 465
48860 513
49458 531
49939 3385
160
-979489 2457
-978456 436
-977592 415
-977024 442
-976802 381
-976207 399
-976164 420
-976042 415
-975462 431
-974937 425
-974632 414
-974141 405
-973745 431
-973743 451
-972641 420
-972403 466
-971797 417
-971673 393
-970593 404
-969672 431
-968781 437
-968772 449
-967218 411
-967123 409
-966794 391
-965924 434
-965203 417
-965067 418
-964964 417
-964370 396
-964212 399
-963666 406
-963557 398
-963410 395
-962933 427
-962558 427
-962195 422
-961966 437
-961923 436
-961484 454
-961382 407
-960455 438
-960300 421
-960273 404
-960010 405
-959731 412
-959387 407
-958780 413
-958553 441
-958075 452
-957913 410
-957718 407
-957562 415
-957102 408
-956793 416
-955803 434
-955719 424
-955324 443
-954374 432
-954369 425
-953882 413
-953019 428
-952145 436
-952123 437
-952080 438
-951023 385
-950891 424
-950824 434
-948799 427
-948752 440
-948208 446
-948163 409
-948095 394
-947975 437
-941987 3896
-938506 1865
-937741 1811
-936744 1802
-935263 1883
-934846 1752
-932087 1819
-931709 1838
-931694 1882
-930981 1859
-927850 1818
-927739 1871
-919643 1941
-919489 1845
-918700 1782
-917742 1836
-914654 1891
-914629 303
-914184 301
-914022 287
-913458 305
-912979 266
-912629 300
-912111 276
-911820 305
-911669 289
-910360 309
-910153 287
-909765 324
-909612 291
-909506 301
-909263 292
-909102 307
-908369 294
-908025 259
-907935 314
-907825 309
-907197 283
-906952 289
-906579 323
-906419 287
-906362 308
-906261 266
-905258 268
-904584 269
-904092 293
-903616 313
-902985 294
-901628 282
-901605 295
-901331 269
-901037 292
-900857 317
-900749 312
-900312 293
-900208 290
-900151 309
-899983 308
-899621 294
-899001 314
-898955 293
-898886 283
-898497 301
-898491 311
-898428 304
-898276 313
-898130 302
-897141 277
-896600 313
-896454 294
-896286 290
-896177 321
-896134 309
-896027 322
-895922 299
-895365 293
-895143 286
-895128 280
-894952 306
-894460 315
-894437 302
-894224 296
-893269 306
-893213 306
-892907 303
-892905 293
139
-702424 1203
-700735 1497
-699657 16
-699296 269
-698772 229
-698572 155
-698368 30
-698112 324
-697716 102
-697042 764
-696284 200
-696121 45
-695842 442
-695257 313
-694961 260
-694530 88
-694200 293
-693871 100
-693586 69
-693132 389
-692844 23
-692589 294
-691331 1618
-690150 325
-689113 1054
-688339 391
-687914 33
-687476 619
-686778 102
-686069 1031
-685291 68
-685146 18
-684766 482
-683858 949
-682292 1565
-681455 17
-681202 92
-681027 138
-680813 43
-680575 388
-680031 101
-679536 808
-679033 77
-678580 184
-678099 301
-677883 13
-677424 449
-676928 489
-676302 384
-674811 2456
-673214 239
-672550 568
-672108 5
-671528 769
-671012 21
-670740 221
-670352 86
-669894 168
-669538 23
-669279 50
-669112 58
-668935 34
-668599 16
-668514 152
-668158 94
-667159 1265
-666017 492
-664648 1692
-663462 365
-662837 242
-662520 311
-661758 858
-661008 103
-660317 1137
-659255 532
-657822 1867
-656496 172
-655576 1099
-654771 305
-654076 424
-653543 411
-653158 20
-652848 155
-652485 522
-651755 309
-651322 442
-650910 97
-650584 328
-649715 848
-648771 808
-647303 2098
-646012 180
-645680 29
-645126 795
-644589 68
-644395 114
-643736 999
-642992 470
-642472 513
-640937 2041
-639441 296
-639194 82
-638899 351
-638464 40
-638281 75
-637684 515
-636958 693
-636501 74
-636173 127
-635862 51
-635222 1119
-633675 1297
-632726 534
-632146 92
-632059 54
-631613 149
-631096 260
-630786 70
-630339 622
-629762 47
-629414 146
-629186 84
-629100 20
-628822 296
-628166 509
-627399 764
-626421 756
-625695 5
-625199 713
-624559 80
-623669 1196
-622879 168
-622481 47
-622074 113
-621334 680
-620749 360
-620065 465
-619676 101
-619373 228
194
373448 902
374265 351
374948 343
375150 354
375368 354
375543 109
375896 529
376431 927
376957 365
377800 385
378541 317
378776 372
378800 389
379063 28
379074 23
379109 26
379140 148
379297 45
379334 16
379347 9
379354 18
379367 11
379578 507
380240 245
380249 239
380683 480
381035 117
381130 105
381195 108
381435 100
381442 101
381501 227
381770 97
381871 47
382296 618
382505 99
382514 99
382724 98
382818 109
383335 732
383832 647
385115 1244
385708 26
385722 21
385801 255
385973 48
386038 92
386915 1450
387471 512
388583 500
388651 13
388673 27
389478 2266
392390 1761
392813 65
392839 11
392844 12
392861 11
393121 413
393489 226
393658 180
393975 364
394039 37
394056 38
394156 25
395668 2800
397559 901
398022 41
398024 46
398101 24
398121 34
398224 37
398265 42
398266 37
398847 86
399070 1450
399999 332
400330 139
400419 196
400669 196
400826 184
401023 100
401150 153
401264 159
401397 142
401677 146
401737 154
401857 10
401877 12
402685 1358
402843 76
402912 66
402984 75
403155 74
403444 76
403558 84
403822 141
403866 132
404113 149
404268 142
404470 200
404515 194
405121 207
405365 233
405487 189
405634 190
405942 1216
407092 665
407468 28
407540 30
407556 30
407571 35
407575 109
407781 182
407836 195
408338 206
408392 182
408621 194
408850 189
409336 973
409874 62
410280 292
410452 256
411149 1409
413066 1891
413504 588
414545 183
414605 50
414661 37
414667 48
414763 29
414798 14
414812 14
414819 8
416732 3707
419078 921
420012 573
420519 642
421118 916
422027 629
422619 231
422792 216
422836 226
422893 230
422987 241
423338 239
424288 222
424433 526
424598 75
424632 68
424712 79
424790 74
425004 404
425432 264
425762 495
426045 202
426376 131
426468 129
426640 133
426696 76
426824 96
426862 66
426916 71
427151 239
427250 56
427798 949
429502 2416
430763 55
430902 52
430944 54
431038 48
431046 233
431313 394
431902 309
432638 1985
435128 961
435291 983
436096 350
436282 235
436544 49
436570 22
436587 22
436613 18
436665 33
436667 41
436747 29
436810 67
437120 545
437446 105
437471 112
437585 91
437791 111
437830 10
437846 60
123
-402376 457
-401608 113
-399340 3978
-397083 319
-395018 2821
-393210 664
-392429 412
-391872 544
-390732 1174
-389704 71
-389686 56
-389517 175
-389070 335
-388440 84
-388145 525
-387735 152
-387199 837
-386433 434
-385661 839
-384894 430
-384122 776
-383404 326
-382841 63
-381424 1662
-380346 198
-379903 880
-379188 107
-378775 127
-378724 643
-377765 915
-375662 2223
-373698 1338
-371563 2010
-370122 165
-369646 702
-368919 569
-368336 272
-367274 1385
-366598 941
-364867 1899
-363528 29
-362662 806
-361698 776
-359745 2337
-358284 340
-357725 250
-357310 564
-356199 1190
-354737 1466
-353428 1036
-352120 87
-351948 704
-350874 1075
-348903 2509
-346735 1172
-345926 129
-345530 255
-345211 336
-344665 3
-344293 68
-343844 19
-343834 8
-343251 55
-342910 484
-342340 193
-341687 889
-340652 129
-340549 52
-340160 302
-339243 639
-338343 263
-337744 130
-336978 719
-336412 10
-335887 54
-335830 35
-335213 348
-334859 22
-334186 429
-333345 908
-332644 400
-332352 160
-332072 310
-331267 1262
-330080 401
-329377 569
-328831 358
-327950 615
-327486 155
-327255 169
-326409 1183
-325199 196
-324374 543
-323741 65
-323654 121
-323464 47
-322682 964
-321473 1397
-320120 394
-319464 781
-317870 2072
-316183 1105
-314329 2080
-309953 6463
-306394 100
-306209 147
-305643 709
-305318 160
-303914 1367
-303113 72
-302456 415
-301348 1429
-300030 187
-298728 1995
-296178 2404
-294000 1169
-293024 17
-293012 16
-292539 264
-292008 27
-291999 32
-291612 67
-291072 775
139
-858868 1288
-857504 1158
-856669 47
-855339 2402
-852240 3399
-850301 161
-849952 118
-849739 252
-849556 44
-849287 143
-848979 130
-848896 81
-848549 168
-848021 189
-847971 180
-847642 507
-845301 4033
-843103 333
-842337 1138
-840741 1738
-839747 144
-839350 302
-838798 549
-838192 400
-837916 143
-836836 1601
-835825 49
-835708 505
-835098 33
-834927 546
-834223 650
-833380 744
-832594 795
-831684 577
-830933 934
-829506 767
-829245 129
-828933 301
-828255 1252
-826340 1730
-825393 221
-824674 671
-824363 241
-823812 424
-822490 1733
-819885 3132
-817924 773
-817197 273
-815913 1885
-814180 648
-813634 1319
-810433 4581
-807872 268
-807469 492
-806891 377
-806503 136
-806237 87
-806165 52
-805932 74
-805037 1677
-803992 12
-803987 9
-803296 1034
-800488 4212
-797782 799
-797033 485
-796805 25
-796528 30
-795538 1641
-794503 268
-793862 677
-793186 572
-792706 49
-792299 450
-791460 1041
-790506 382
-790081 1052
-788104 2242
-785630 2244
-784272 139
-783944 64
-782342 2977
-780671 39
-780485 364
-779999 538
-779249 596
-778492 932
-777919 25
-777822 832
-776191 929
-775673 311
-775225 206
-774371 1076
-773676 46
-773384 420
-772996 174
-772791 196
-772624 67
-772482 42
-772448 66
-771802 1129
-770845 386
-770143 452
-769894 204
-768268 2480
-766738 494
-765193 2169
-763980 11
-763972 9
-763349 763
-762729 372
-762333 323
-761981 471
-761534 120
-761027 610
-760626 106
-760205 492
-759736 81
-759582 395
-759153 21
-759041 45
-758011 1644
-756828 340
-756748 345
-756166 407
-754532 2543
-752748 1017
-751972 166
-751893 46
-751374 928
-750208 899
-749337 629
-748784 44
-748684 164
-747372 2204
-746115 2
-746107 12
-745460 1186
-744556 304
189
55511 2247
57032 784
57658 461
58135 300
58281 345
59394 1711
60586 664
61175 503
61501 197
61863 452
62258 352
62584 292
63371 1200
64117 526
64479 28
64878 760
65571 571
65747 101
65955 33
66010 81
66090 36
66175 158
66973 1429
67726 64
67809 112
67994 74
68196 527
68572 192
69813 2279
71056 199
71422 552
71847 181
71907 20
72009 176
72147 31
72205 161
72898 1203
73890 773
75501 2439
76993 537
77379 226
77533 176
77698 176
78123 461
78847 1068
80127 1484
81327 905
81952 338
82753 915
83039 559
83612 32
83658 35
83713 81
84675 1832
85640 153
85848 100
86126 548
86533 255
87028 729
87421 11
87488 163
87578 7
87590 14
88658 2112
89786 126
89912 145
91197 2410
92882 953
93486 147
93574 144
93698 165
93898 138
93958 40
94024 52
94197 283
94889 1093
96624 2371
98459 1103
100171 2589
101823 625
102152 27
102297 247
102428 52
102995 1045
103693 496
104295 321
104395 1108
106506 1092
106684 274
106869 69
106903 48
107307 721
108008 676
108472 147
108510 132
109075 886
109642 250
109828 81
110031 250
110156 209
110449 254
111034 810
111740 798
112204 27
112737 1032
113971 1366
114460 173
114972 344
115724 1149
116326 47
116601 493
116958 11
117299 877
119051 2618
120395 1
120449 169
120780 485
121036 17
121405 712
121987 466
122404 307
122737 417
123017 234
123400 245
123470 27
123604 271
123993 498
124870 1246
126057 1122
126667 91
127486 1539
128359 197
128434 8
128567 196
128823 310
129392 822
129944 274
130278 389
130717 1477
133171 1241
133203 6
133395 128
133579 540
134256 748
134676 152
134948 288
135399 643
135812 174
135946 92
136024 34
136335 605
136799 314
137891 1748
138787 531
139946 1406
141077 850
141606 198
142127 837
143064 542
143271 726
144030 417
144368 249
144507 111
144759 260
145992 2239
147119 10
147732 1210
148456 231
148602 67
148685 73
148724 11
148747 31
148886 54
149049 484
149314 18
149648 642
150030 90
150123 137
150246 94
150337 52
150525 334
150700 46
150936 391
151490 713
151953 206
152554 1032
153313 224
153665 689
154472 917
