50
3
-1 2
0 1
1 2
2
-1000 1
2000 1
52
48444 2
48446 2
48447 1
48449 2
48550 3
48950 5
49426 18
49432 8
49442 6
50165 1
50166 1
50167 1
50169 1
50885 1
50886 1
50888 1
50889 1
51398 1
51403 5
51406 10
51582 1
51585 4
52131 2
52133 4
52171 27
52667 1
52668 1
52670 1
52671 1
52672 1
53243 20
53956 1
54237 8
54241 1
54248 4
54250 3
54707 2
54709 1
54710 1
54712 1
54713 1
54714 1
54715 1
54717 2
55465 6
55475 11
55988 2
55989 2
55995 2
55997 2
55998 1
55999 3
25
317838 9
318112 1
318114 2
318228 4
318453 11
318480 29
318742 1
318743 1
318745 1
318746 1
318943 8
319201 3
319336 1
319338 1
319339 1
319340 1
319528 1
319530 1
319661 4
319669 4
319890 12
319896 13
319991 6
319996 3
319999 2
30
-513884 1
-513883 1
-513881 1
-513880 1
-513879 1
-513878 1
-513877 1
-513573 1
-513570 6
-513564 5
-513562 11
-513202 16
-513186 9
-512751 1
-512749 1
-512747 3
-512746 1
-512745 1
-512743 1
-512467 1
-512445 3
-512442 2
-512436 7
-512228 1
-512227 1
-512220 13
-512159 2
-512157 3
-512155 5
-511719 8
48
-216743 2
-216741 6
-216721 24
-216701 4
-216694 2
-216692 1
-216684 4
-216679 2
-216667 6
-216659 2
-216656 1
-216647 3
-216637 11
-216624 5
-216621 2
-216613 1
-216603 4
-216596 3
-216583 10
-216572 4
-216568 2
-216567 2
-216559 7
-216548 2
-216544 3
-216536 2
-216532 2
-216529 1
-216526 5
-216513 5
-216502 5
-216500 1
-216488 8
-216477 1
-216475 2
-216469 2
-216459 5
-216457 1
-216449 2
-216446 2
-216440 1
-216431 1
-216423 2
-216417 3
-216411 6
-216396 10
-216382 5
-216375 2
53
293616 8
293882 3
294282 11
294636 2
294638 8
295022 4
295178 2
295584 6
295782 1
295784 3
296080 2
296082 1
296192 9
296318 6
296656 1
296843 4
296846 1
297056 8
297099 2
297101 3
297102 1
297223 1
297585 4
297587 2
297668 4
297710 1
297711 4
297863 13
297869 1
298050 1
298052 1
298419 1
298421 4
298652 2
298697 5
298844 6
298855 6
298881 6
299312 1
299313 1
299359 2
299792 6
299939 7
299996 4
300179 6
300585 8
300787 2
300857 1
300860 2
300939 2
301288 3
301293 2
301314 5
45
-376740 1
-376739 2
-376737 2
-376736 1
-376734 1
-376714 2
-376712 2
-376708 2
-376557 7
-376506 1
-376505 1
-376503 1
-376501 2
-376500 1
-376499 1
-376498 1
-376347 1
-376345 1
-376344 1
-376312 9
-376306 10
-376194 1
-376193 2
-376191 1
-376190 1
-376188 1
-376187 1
-376186 2
-376185 1
-376183 1
-376081 2
-376077 2
-376075 1
-376074 3
-376072 1
-376070 2
-376069 2
-376067 1
-376065 2
-375918 22
-375831 8
-375825 10
-375746 17
-375705 1
-375703 1
43
736176 12
736212 2
736215 2
736377 6
736378 6
736553 3
736558 7
736768 6
736774 3
736912 3
736916 4
737116 1
737117 2
737119 1
737291 3
737292 8
737295 8
737307 9
737315 3
737335 4
737338 4
737340 2
737342 1
737397 8
737407 7
737435 5
737441 10
737639 4
737640 5
737643 3
737836 1
737839 3
737924 2
737939 8
738029 9
738037 3
738186 1
738187 1
738261 6
738452 9
738462 4
738474 10
738663 1
47
-640810 1
-640809 1
-640808 1
-640653 16
-640643 2
-640231 8
-639918 1
-639917 1
-639679 1
-639678 2
-639677 1
-639675 1
-639425 5
-639424 3
-639417 2
-639415 1
-639414 1
-639411 1
-639408 3
-639406 1
-639404 5
-639321 4
-639317 2
-639316 1
-638963 17
-638896 1
-638895 2
-638893 1
-638891 2
-638800 1
-638616 35
-638611 8
-638496 8
-638402 1
-638401 1
-638399 1
-638398 1
-638397 2
-638395 1
-638197 2
-638196 1
-638193 1
-638192 3
-638190 1
-637794 12
-637775 17
-637457 16
43
-936691 8
-936685 2
-936332 7
-936327 13
-936320 6
-936315 2
-936295 4
-936291 7
-936289 11
-936284 5
-936269 15
-935767 4
-935762 6
-935760 3
-935756 2
-935750 7
-934876 8
-934873 6
-934466 1
-934465 1
-934464 1
-934463 1
-934461 1
-934460 1
-934459 1
-934458 1
-933621 18
-933146 1
-933145 1
-933144 1
-933142 1
-933136 3
-933132 2
-933123 1
-933122 1
-933120 1
-932998 1
-932972 1
-932971 1
-932756 7
-932755 9
-932742 6
-932731 9
2
999999 100
1000000 100
39
-644106 2
-644104 1
-644103 1
-644096 5
-644090 4
-644083 5
-644077 4
-644075 3
-644074 2
-644070 3
-644065 5
-644057 1
-644056 4
-644050 13
-644048 3
-644043 4
-644040 1
-644033 2
-644032 3
-644024 3
-644015 6
-644014 1
-644010 4
-644002 7
-643998 2
-643997 7
-643991 1
-643990 2
-643989 1
-643986 1
-643985 1
-643984 1
-643978 1
-643977 1
-643975 1
-643974 1
-643973 1
-643972 1
-643926 78
200
-980533 1
-960962 1
-956250 1
-944219 1
-937060 1
-931660 1
-929604 1
-917696 1
-915915 1
-887942 1
-884961 1
-882805 1
-882561 1
-873247 1
-855782 1
-851339 1
-825001 1
-814251 1
-787708 1
-777910 1
-769221 1
-755155 1
-754426 1
-714134 1
-709880 1
-708400 1
-707513 1
-707397 1
-703522 1
-703291 1
-700933 1
-686309 1
-678461 1
-674139 1
-661589 1
-660996 1
-657128 1
-645205 1
-623887 1
-599159 1
-597581 1
-594376 1
-571314 1
-571258 1
-558207 1
-556688 1
-555465 1
-547312 1
-544736 1
-533634 1
-531678 1
-497193 1
-492473 1
-486843 1
-447568 1
-443650 1
-442676 1
-434597 1
-433178 1
-427328 1
-425361 1
-421575 1
-401003 1
-391393 1
-386344 1
-360011 1
-357021 1
-352738 1
-347898 1
-320066 1
-314236 1
-312289 1
-310111 1
-305738 1
-298866 1
-293926 1
-293543 1
-292760 1
-278686 1
-255493 1
-252247 1
-251537 1
-250645 1
-245489 1
-219202 1
-211239 1
-210422 1
-203752 1
-198143 1
-193267 1
-184994 1
-183722 1
-179490 1
-177720 1
-169515 1
-147496 1
-146941 1
-144893 1
-128206 1
-123891 1
-116654 1
-108626 1
-93227 1
-75142 1
-73583 1
-46285 1
-43162 1
-38875 1
-30301 1
-26590 1
-21995 1
539 1
51978 1
53142 1
55054 1
63991 1
93826 1
106377 1
111249 1
116055 1
118501 1
120069 1
122082 1
131861 1
143808 1
152785 1
171799 1
194146 1
232035 1
232184 1
232848 1
236288 1
241921 1
253924 1
269888 1
270850 1
288370 1
302391 1
307494 1
309641 1
310359 1
335564 1
351327 1
354556 1
358163 1
362267 1
372436 1
379321 1
414137 1
424489 1
440104 1
442205 1
454848 1
455268 1
468951 1
477451 1
507879 1
509098 1
510803 1
518842 1
519921 1
520181 1
522512 1
544990 1
588740 1
592390 1
605473 1
616059 1
643165 1
654889 1
659896 1
669044 1
683357 1
688904 1
691615 1
718162 1
719607 1
741863 1
755051 1
756377 1
756910 1
765564 1
777336 1
788968 1
819650 1
837340 1
842506 1
845206 1
866529 1
866614 1
868566 1
869379 1
876472 1
878292 1
914346 1
925936 1
939874 1
945486 1
976261 1
992978 1
38
-634089 20
-633791 3
-633354 1
-633056 15
-632842 11
-632592 1
-632274 2
-632273 1
-632212 2
-631992 2
-631531 16
-631066 4
-630650 8
-630396 5
-630164 6
-629894 3
-629526 7
-629411 11
-628961 8
-628790 5
-628388 4
-628386 3
-628250 3
-628089 5
-627800 2
-627461 3
-627386 2
-627268 4
-627266 2
-627203 3
-627192 3
-626810 5
-626430 3
-626425 2
-626422 3
-626154 11
-625921 2
-625452 9
60
-214204 7
-214095 1
-214093 1
-214022 12
-213900 6
-213750 3
-213748 2
-213746 1
-213743 2
-213670 2
-213666 2
-213567 6
-213563 1
-213562 1
-213545 2
-213544 1
-213453 6
-213306 3
-213305 3
-213302 1
-213193 3
-213191 3
-213185 4
-213097 6
-213091 3
-213088 5
-213075 2
-213072 3
-213070 2
-213068 1
-213064 3
-213063 1
-212946 1
-212944 1
-212874 3
-212873 1
-212871 1
-212870 1
-212803 2
-212802 2
-212791 1
-212789 1
-212788 1
-212772 1
-212771 1
-212768 4
-212635 16
-212557 4
-212553 3
-212547 8
-212529 2
-212525 4
-212441 4
-212438 2
-212434 2
-212433 1
-212428 5
-212413 11
-212397 16
-212298 2
30
-724744 17
-724726 14
-724714 8
-724707 1
-724705 3
-724703 4
-724694 1
-724693 1
-724691 1
-724681 7
-724671 1
-724664 3
-724659 2
-724645 18
-724631 3
-724624 1
-724621 1
-724619 2
-724613 3
-724608 7
-724596 3
-724591 1
-724588 2
-724581 5
-724573 4
-724563 2
-724560 5
-724551 1
-724544 2
-724536 6
36
-381085 4
-380906 6
-380420 4
-380415 2
-380176 2
-379714 1
-379713 1
-379711 1
-379360 3
-379134 2
-379026 7
-378804 1
-378540 1
-378538 2
-378427 1
-378017 14
-377914 1
-377702 20
-377324 1
-377234 15
-376927 2
-376435 5
-376223 22
-376171 2
-376169 6
-376041 2
-376039 1
-376004 5
-375647 2
-375181 1
-375180 1
-375145 6
-375143 7
-374762 9
-374292 4
-374094 8
26
-459748 28
-459433 23
-459432 3
-459426 3
-459424 1
-459422 3
-459388 21
-458912 1
-458911 1
-458887 1
-458886 1
-458885 1
-458883 1
-458882 1
-458881 1
-458880 1
-458879 1
-458878 1
-458369 5
-458367 2
-458360 2
-458359 5
-458157 1
-458156 1
-458154 1
-458153 1
42
182976 6
182978 2
183551 5
183558 5
184229 4
184233 3
184237 1
184246 26
184675 3
184677 2
184681 4
184683 2
184990 1
184991 2
184992 1
184994 2
184995 1
184998 1
184999 2
185001 1
185002 1
185003 1
185004 1
185006 1
185007 1
185008 1
185009 2
185010 1
185095 3
185097 3
185100 1
185103 1
185105 2
185106 1
185112 1
185113 4
185114 4
185115 1
185116 2
185117 1
185429 10
185442 20
20
278471 2
278474 3
278476 3
278631 7
278696 2
278697 4
278698 5
278700 4
278900 2
278906 8
279072 16
279076 4
279084 4
279085 2
279254 6
279372 1
279374 1
279375 1
279430 11
279451 23
61
-825373 2
-825061 3
-824964 1
-824849 10
-824741 2
-824397 4
-824129 5
-823974 2
-823957 1
-823823 3
-823601 2
-823300 1
-823042 5
-822922 4
-822736 3
-822448 5
-822197 1
-821986 1
-821695 6
-821428 5
-821106 6
-821076 5
-820924 5
-820624 1
-820309 1
-820183 2
-819971 3
-819712 4
-819429 12
-819304 2
-819300 2
-819047 4
-818721 3
-818642 7
-818582 3
-818437 4
-818261 2
-818217 4
-818164 2
-818128 1
-818010 2
-817762 5
-817505 5
-817376 1
-817231 1
-817152 5
-816841 6
-816700 2
-816375 2
-816210 8
-816135 1
-815842 1
-815651 4
-815493 1
-815344 1
-815213 1
-815096 2
-814823 4
-814771 3
-814753 1
-814560 5
53
880811 2
880814 1
880817 4
880818 1
880820 5
880833 4
880841 6
880846 14
880867 15
880874 3
880878 1
880883 1
880885 1
880894 4
880902 6
880909 5
880911 6
880914 7
880917 7
880930 6
880936 1
880937 1
880938 1
880940 1
880941 1
880942 1
880943 1
880944 1
880945 1
880946 1
880948 2
880949 1
880979 52
881010 3
881013 1
881015 2
881017 2
881019 1
881022 1
881023 1
881024 1
881026 4
881029 1
881030 2
881032 1
881033 2
881034 3
881036 3
881038 2
881039 1
881040 2
881043 1
881046 2
50
985499 2
985502 1
985824 8
986448 6
986458 3
986461 5
986665 1
986667 2
987148 3
987500 1
987501 1
988117 8
988120 8
988542 6
988553 6
988558 4
988754 1
988756 2
988779 3
988828 1
988829 1
989233 3
989235 1
989247 3
989744 7
989749 5
990333 3
990340 7
990869 4
991535 1
991536 1
992052 1
992053 2
992055 1
992058 2
992704 3
992795 1
992796 1
992797 1
992798 1
993003 1
993229 3
993237 9
993561 1
993634 5
993639 2
993857 5
993861 4
994435 15
994463 1
27
-977002 1
-977000 1
-976412 14
-976410 8
-976392 14
-976391 4
-975876 9
-975867 9
-975849 8
-975848 5
-975840 5
-975837 7
-975836 4
-975831 11
-975829 1
-975827 5
-975824 3
-975803 2
-975800 9
-975794 8
-975693 24
-975652 24
-975643 16
-975114 1
-975113 1
-975111 1
-975110 1
53
-188542 2
-188532 12
-188527 4
-188519 2
-188514 1
-188506 10
-188497 3
-188494 1
-188491 1
-188489 3
-188479 9
-188470 2
-188467 1
-188465 2
-188460 1
-188450 12
-188442 8
-188432 3
-188423 9
-188415 3
-188411 3
-188408 6
-188400 1
-188395 2
-188388 6
-188382 5
-188375 4
-188369 4
-188365 2
-188361 2
-188360 1
-188355 1
-188350 4
-188340 10
-188331 1
-188326 2
-188318 9
-188312 4
-188302 9
-188296 3
-188290 2
-188285 3
-188278 5
-188272 1
-188271 1
-188265 5
-188258 3
-188252 3
-188250 1
-188246 1
-188245 1
-188240 3
-188234 3
1
-1000000 200
36
-398603 14
-398589 3
-397954 9
-397950 1
-397731 19
-397523 3
-397000 1
-396998 1
-396486 6
-395891 2
-395890 1
-395746 11
-395738 6
-395354 2
-395350 2
-394934 1
-394931 5
-394094 5
-393377 2
-393330 14
-393231 2
-393230 2
-393229 1
-392549 15
-392148 13
-391867 1
-391865 1
-391467 2
-391285 1
-391283 3
-391056 2
-390474 4
-390471 1
-389660 3
-389402 16
-388936 15
25
-318462 4
-318452 3
-318451 3
-318444 5
-318439 2
-318429 6
-318415 15
-318395 13
-318384 1
-318381 2
-318375 4
-318362 17
-318349 2
-318345 3
-318336 3
-318335 2
-318328 5
-318322 10
-318321 5
-318307 3
-318303 6
-318287 16
-318274 1
-318267 4
-318257 3
40
876576 1
876577 1
876578 1
876654 7
876656 4
876657 2
876661 1
876663 2
876666 2
876667 3
876678 3
876680 4
876689 3
876692 2
876693 3
876694 3
876697 4
876700 3
876702 2
876704 2
876706 2
876708 3
876709 6
876716 4
876724 3
876727 6
876729 2
876740 9
876742 2
876757 3
876760 4
876762 3
876765 1
876767 5
876772 3
876773 3
876776 4
876857 4
876860 5
876866 3
48
245239 1
245240 1
245241 1
245242 1
245243 1
245244 1
245245 1
245246 1
245247 1
245248 1
245249 1
245250 1
245251 1
245252 1
245253 1
245254 1
245255 1
245256 1
245257 1
245258 1
245259 1
245261 1
245262 1
245263 1
245264 1
245265 1
245266 1
245267 1
245268 1
245269 1
245270 1
245271 1
245414 35
245415 9
245420 8
245424 7
245430 7
245435 6
245444 12
245457 7
245469 6
245473 5
245478 3
245485 4
245487 5
245491 8
245502 3
245506 3
40
-688707 13
-688676 14
-688671 17
-688643 52
-688601 17
-688586 8
-688503 2
-688502 1
-688500 2
-688498 2
-688496 3
-688495 1
-688494 1
-688492 1
-688491 2
-688489 1
-688487 2
-688486 1
-688484 2
-688482 1
-688480 2
-688479 1
-688478 1
-688476 1
-688474 2
-688472 2
-688471 1
-688470 1
-688468 3
-688467 3
-688465 1
-688463 1
-688461 2
-688458 1
-688457 1
-688456 1
-688455 1
-688454 3
-688452 2
-688450 2
27
-4951 8
-4949 3
-4940 5
-4934 4
-4932 5
-4696 1
-4695 1
-4694 1
-4693 1
-4691 1
-4690 1
-4689 1
-4688 1
-4687 1
-4634 16
-4618 13
-4616 9
-4594 12
-4354 2
-4351 1
-4348 5
-4346 2
-4343 3
-4342 3
-4340 2
-4338 2
-4335 9
34
924827 2
924829 1
924861 1
924862 1
924864 1
924896 1
924898 1
924906 5
924930 5
924932 2
924970 1
924972 1
924973 2
924975 1
925018 2
925043 5
925044 10
925054 3
925102 7
925124 2
925126 1
925137 2
925188 12
925201 14
925233 11
925240 3
925270 12
925310 1
925312 1
925344 3
925350 4
925383 6
925393 5
925424 2
43
14997 1
15003 3
15005 1
15008 2
15019 9
15032 19
15048 6
15060 8
15069 6
15077 2
15080 4
15090 11
15106 11
15115 11
15127 1
15130 4
15137 1
15138 1
15139 1
15140 1
15141 1
15142 1
15143 1
15144 1
15146 1
15147 1
15148 1
15149 1
15150 1
15151 1
15152 1
15153 1
15154 1
15158 6
15161 4
15174 2
15176 7
15181 2
15184 3
15186 2
15188 1
15189 1
15218 48
37
333046 17
333056 3
333748 15
334278 4
334951 4
335488 1
335489 1
335691 21
336253 1
336256 2
336843 15
337400 4
337455 1
337769 1
337946 12
337952 5
338552 1
339129 7
339781 3
339782 5
339784 2
340298 1
340299 1
340301 1
340486 2
340490 2
340491 2
340493 1
340658 2
340907 13
341583 2
341584 1
341588 2
342174 3
342179 2
342507 2
342606 6
38
977585 1
977916 13
977940 15
978753 27
978778 10
979127 1
979128 1
979850 3
979855 1
979856 2
980423 1
981064 3
981068 3
981385 3
981392 4
981974 5
981985 9
982775 5
982783 4
983523 8
983538 11
984148 2
984149 1
984664 1
984665 1
984793 3
984797 2
985310 5
985362 8
985372 5
985488 1
985489 2
985492 2
985609 3
985611 1
986011 1
986012 1
986799 31
17
112544 1
112545 1
112547 1
112548 1
112864 4
112868 3
112869 2
112870 2
112877 4
112879 3
112884 3
112890 5
112893 5
113403 1
113405 1
113406 1
113749 73
28
-195923 8
-195917 5
-195907 8
-195894 4
-195890 6
-195888 7
-195884 6
-195878 5
-195298 7
-195297 9
-195289 5
-195275 11
-194522 2
-194520 2
-194518 4
-194515 3
-194512 2
-194510 3
-194502 2
-194501 3
-194499 1
-194497 3
-194496 1
-194494 4
-194493 2
-194491 1
-194485 5
-193760 34
37
226895 1
226901 10
226913 1
226914 1
226916 2
226917 3
226919 1
226921 2
226923 1
226926 2
226927 2
226929 3
226943 6
226963 14
226970 8
226972 5
226989 5
226992 10
227024 28
227026 14
227041 7
227065 14
227070 6
227083 4
227089 3
227092 3
227104 1
227105 1
227106 1
227107 1
227108 1
227110 1
227111 1
227112 1
227113 1
227114 1
227123 9
45
-473504 1
-473503 1
-473502 1
-473501 1
-473500 1
-473499 1
-473498 1
-473497 1
-473496 1
-473495 1
-473494 1
-473492 1
-473491 1
-473490 1
-473489 1
-473206 3
-473203 1
-473202 2
-473200 2
-473199 2
-473196 2
-473194 2
-473192 3
-473190 2
-473184 1
-473182 3
-473181 2
-473179 2
-473177 3
-473175 1
-472836 5
-472823 3
-472813 34
-472474 6
-472466 8
-472444 14
-472438 11
-472426 19
-472425 26
-472124 1
-472121 2
-472015 2
-472010 6
-471731 3
-471726 4
46
-305041 3
-304801 10
-304470 14
-304387 3
-304178 4
-303803 1
-303520 2
-303310 1
-303309 2
-303141 1
-303137 1
-303135 1
-303018 2
-302722 2
-302404 2
-302249 15
-302098 4
-301998 1
-301882 7
-301488 2
-301332 1
-301331 1
-301285 5
-301255 2
-301211 2
-301072 3
-301067 4
-300748 1
-300572 2
-300428 4
-300022 6
-299911 2
-299650 15
-299316 11
-299141 3
-299136 4
-298982 2
-298666 6
-298583 2
-298189 8
-298077 1
-298030 4
-297766 2
-297450 2
-297238 9
-296970 2
66
-97 3
-95 2
-90 3
-87 1
-86 2
-84 3
-83 7
-81 2
-79 2
-76 2
-73 3
-71 5
-70 1
-66 3
-62 3
-60 3
-59 2
-57 2
-55 4
-52 5
-47 1
-44 1
-36 3
-32 3
-30 1
-24 3
-21 4
-17 5
-16 3
-14 1
-9 2
-8 2
-4 4
-2 3
-1 5
1 2
2 2
6 4
8 3
10 3
14 3
17 5
18 4
19 2
26 1
28 5
29 4
33 2
35 3
39 3
43 2
49 3
51 4
54 3
56 2
57 3
60 1
65 3
68 5
72 6
75 2
78 3
80 3
85 1
88 3
96 11
46
-767865 1
-767702 1
-767592 7
-767563 5
-767489 3
-767463 5
-767284 2
-767281 2
-767136 2
-767071 1
-766921 11
-766791 1
-766755 4
-766631 3
-766569 2
-766399 1
-766345 1
-766224 7
-766213 6
-766058 4
-766039 1
-766037 1
-765956 8
-765791 2
-765774 2
-765596 8
-765480 2
-765452 2
-765444 3
-765404 3
-765233 5
-765072 1
-764900 1
-764899 1
-764870 8
-764743 2
-764663 1
-764548 8
-764352 3
-764184 4
-764091 2
-764081 2
-764048 5
-764009 3
-763877 2
-763747 2
28
-289293 3
-289288 4
-289286 5
-289279 4
-289276 7
-288614 20
-288602 7
-288592 7
-288579 5
-288565 9
-288557 5
-288553 3
-288549 7
-288546 10
-288543 7
-288536 7
-288516 8
-288507 8
-288492 7
-288489 8
-288488 6
-288482 8
-288476 8
-288473 7
-288469 6
-288457 5
-287584 1
-287582 1
36
-446414 10
-446402 21
-446244 1
-446241 1
-446240 2
-446238 2
-446236 3
-446232 1
-446229 4
-446227 4
-446224 7
-446223 2
-446220 3
-446219 2
-446217 3
-446216 3
-446211 1
-446209 2
-446201 3
-446199 3
-446197 1
-446196 2
-446194 2
-446191 2
-446188 2
-446187 3
-446185 1
-446181 2
-446178 2
-446177 2
-446174 1
-446173 1
-446170 7
-446058 12
-446042 13
-446029 17
20
-626564 9
-626544 5
-626541 9
-626539 5
-626537 6
-626532 6
-626522 8
-626516 6
-626510 3
-625820 1
-625819 1
-625271 47
-625263 10
-625256 11
-625235 3
-624441 1
-624440 1
-624091 1
-624090 1
-624088 1
23
-870936 3
-870927 2
-870924 3
-870922 6
-870912 4
-870907 9
-870906 3
-870903 5
-870899 7
-870894 5
-870893 9
-870883 4
-870877 6
-870874 5
-870871 5
-870860 4
-870858 2
-870854 4
-870853 7
-870846 4
-870838 4
-870836 5
-870822 11
31
-886212 12
-886139 1
-886138 1
-886009 3
-886007 9
-885884 25
-885843 4
-885833 12
-885687 5
-885680 9
-885664 10
-885637 42
-885470 3
-885468 2
-885465 2
-885385 1
-885384 1
-885383 1
-885381 1
-885380 1
-885379 1
-885295 25
-885231 2
-885230 1
-885228 1
-885227 1
-885225 1
-885224 2
-885222 1
-885221 1
-885220 1
25
-127710 3
-127371 3
-126554 1
-125908 2
-125197 6
-125101 3
-124157 6
-123613 1
-123255 5
-122994 1
-122673 3
-122237 5
-122185 1
-121227 3
-121046 2
-120323 3
-120131 16
-119897 5
-118931 5
-118278 2
-117580 3
-116972 11
-116799 8
-116725 3
-116055 3
