10
20 1 2 3 4 5 6 7 8 9 10 11 12 13 14 15 16 17 18 19 20
20 120 266 858 1243 1657 1771 2328 2490 2665 2894 3117 4210 4454 4943 5690 6170 7048 7125 9512 9600
20 47052 13644 71047 38407 29662 87090 54763 17963 63021 17389 46960 38570 93539 34650 68407 98061 69422 71313 75751 15927
20 28380 29496 54904 11364 7550 54113 73058 53857 62792 87459 42086 33726 3114 45026 2459 57707 55687 60699 3359 14242
20 94224 82201 24865 34605 13180 71602 84182 44876 8199 51472 80873 32339 41591 55233 6002 98135 70570 15118 82692 62568
20 58639 26597 21175 62304 97272 83901 48509 14065 24470 51039 12984 66867 46158 67625 64928 13979 53265 12555 7544 59956
20 2664 3310 3782 946 1716 3844 1508 756 9219 44698 4086 3836 1682 3592 1608 868 2068 4164 3804 464
20 34561 59055 7587 32498 66005 96883 99197 4242 90247 19710 58400 88562 56132 61219 52872 74642 11067 79715 40476 3846
20 2920 4324 1696 818 2214 2438 2418 1792 3438 1100 3952 50572 2390 4270 4086 2714 3044 3396 87077 3562
20 123 1155 2821 373 4507 4114 1480 4424 1222 2452 4174 51025 3984 2599 1923 2501 992 3147 4640 4394
