100
42 6 535246293 625
535186449 535186628 535188227 535188589 535189943 535190165 535192039 535192397 535195412 535195817 535196553 535199149 535204249 535204420 535207990 535208040 535208607 535211979 535213295 535216935 535217938 535218070 535225058 535226310 535227319 535227537 535227846 535228532 535235143 535236918 535237433 535237764 535239777 535240355 535241113 535241550 535243267 535243340 535243502 535243621 535243996 535245085
96 97 96 96 93 56 47 90 82 93 30 78 71 93 74 96 87 67 94 63 88 47 85 74 16 76 77 30 50 82 43 98 43 53 100 82 18 16 61 74 92 35
42 19 297736212 871
5151864 15854710 20527045 297655531 297656039 297661996 297662806 297664086 297667359 297668875 297669740 297670086 297674877 297675418 297676899 297677313 297678814 297679564 297682116 297682306 297682639 297688609 297692137 297694010 297695710 297696222 297696367 297697470 297698862 297702435 297706964 297708173 297708182 297719902 297721943 297725228 297725395 297726052 297728574 297731646 297733697 297735111
21 84 8 95 46 19 39 97 92 98 30 86 58 100 48 66 65 53 40 51 47 20 9 51 70 98 81 81 41 21 6 1 20 57 40 6 2 3 7 1 2 1
7 4 497028839 92
497019816 497020762 497021387 497022207 497023547 497025251 497028546
3 96 96 37 13 75 68
2 2 118457212 861
14137075 118427696
100 35
20 15 82331453 121
82320364 82320756 82321017 82321087 82321095 82321862 82322586 82323385 82323636 82324121 82324319 82324368 82325074 82325592 82326074 82326093 82327853 82329514 82329779 82330755
96 94 95 55 15 93 99 4 58 65 43 20 14 75 35 38 59 17 65 3
35 24 638007671 534
637954319 637957154 637961383 637961796 637963933 637964376 637965605 637966789 637968948 637969948 637970120 637970128 637970595 637971199 637972594 637973028 637973893 637974076 637974924 637976553 637977014 637982239 637984243 637987604 637988608 637990350 637991047 637992032 637993842 637994454 637996610 637997464 637997520 638001240 638005819
100 69 77 81 56 87 89 100 68 24 45 74 78 43 23 2 71 95 78 92 84 35 99 60 8 41 18 33 14 55 8 8 12 97 2
20 16 578096370 319
578065162 578066894 578067584 578069518 578070618 578070981 578074315 578078150 578082808 578084017 578086401 578087544 578087973 578090349 578091453 578092099 578092530 578093706 578095661 578095987
98 93 91 85 81 80 70 58 43 39 32 28 26 19 16 14 12 9 3 2
34 8 935357370 66
935351123 935351614 935351637 935351741 935351757 935352437 935352505 935352946 935352980 935353207 935353450 935353610 935353988 935354030 935354052 935354101 935354248 935354467 935354615 935355165 935355377 935355456 935355622 935355915 935356076 935356096 935356215 935356422 935356777 935357016 935357024 935357099 935357192 935357234
95 88 86 85 85 75 73 67 66 64 59 57 51 50 50 49 47 43 41 33 31 28 27 23 20 19 18 15 9 6 5 4 3 2
18 3 888746101 916
888656528 888658990 888661240 888662916 888680050 888687046 888701768 888702216 888711098 888717528 888719120 888720732 888726742 888727678 888740806 888741687 888743386 888744616
98 96 100 12 8 93 73 52 73 38 67 94 54 50 20 40 4 3
33 26 285807043 781
15601421 15731129 285734853 285736315 285742195 285743228 285746797 285747155 285753837 285758989 285761066 285769917 285770813 285771774 285776772 285778630 285783743 285786421 285787071 285787968 285788747 285790782 285791804 285792262 285794782 285800228 285801271 285802156 285802945 285804051 285805305 285805401 285805988
100 100 92 90 83 82 77 77 69 62 59 47 46 46 38 37 29 27 26 25 23 21 20 19 16 9 8 7 5 4 2 3 1
4 2 691304021 517
691260089 691264301 691292326 691295646
98 100 39 99
32 4 159904551 745
159833557 159842142 159843208 159848498 159848523 159849955 159850237 159851177 159856995 159859008 159861980 159863124 159863323 159863788 159865312 159865879 159867603 159867880 159868921 159869686 159872743 159872802 159874340 159875166 159880895 159886966 159889312 159890429 159899353 159901274 159902464 159903194
96 84 83 76 75 74 73 72 64 62 58 56 56 55 53 52 50 50 48 47 43 43 40 40 32 24 21 19 7 5 3 2
34 22 543105593 606
543045416 543045681 543046622 543049103 543051064 543052768 543052864 543061992 543066467 543068270 543068637 543072807 543073932 543074204 543075814 543076188 543076987 543077478 543077730 543078023 543079028 543083164 543083375 543084386 543085951 543087308 543087792 543091851 543095970 543096220 543097717 543097872 543102771 543103409
100 99 98 94 90 87 87 72 65 62 61 55 53 52 50 48 48 47 46 46 44 37 37 34 32 30 30 23 16 16 13 13 4 4
9 5 120502172 70
120495678 120497109 120497522 120498392 120499515 120500520 120500995 120501695 120502082
94 99 82 74 35 71 32 29 31
30 14 752597126 313
24613362 752567872 752569361 752569592 752569765 752572495 752573882 752573908 752575207 752576780 752577285 752578547 752578674 752578780 752579664 752580172 752581263 752584981 752585738 752586521 752588004 752588273 752588287 752588836 752589321 752592820 752594373 752594771 752595674 752595945
21 99 98 63 97 94 56 80 4 76 50 83 72 52 75 22 44 17 54 54 74 14 100 48 37 14 47 3 92 7
45 44 275855600 605
275795241 275797656 275798004 275798268 275801207 275802346 275803998 275804201 275804677 275804691 275804785 275805003 275805815 275806698 275807686 275808025 275809257 275809629 275810870 275811135 275811629 275813464 275814266 275814320 275814998 275815040 275815532 275817509 275819691 275820513 275821517 275823149 275823978 275826152 275826688 275826874 275835729 275837279 275838610 275839945 275845347 275846502 275847055 275849596 275851842
100 96 98 99 18 13 92 90 96 100 84 97 86 83 99 93 81 92 84 86 77 90 81 73 80 68 67 73 76 85 90 56 72 80 84 84 40 62 41 87 45 27 51 20 58
4 2 368698628 344
368667401 368682287 368685655 368687427
97 60 100 17
49 31 936305983 911
936217395 936220930 936227725 936233825 936234830 936237357 936238239 936239149 936240219 936240735 936242640 936244015 936245722 936247551 936249570 936254627 936255904 936257865 936259041 936265816 936265867 936266917 936268011 936268370 936268921 936269974 936270680 936270995 936272499 936274368 936274462 936274978 936275094 936275911 936277635 936281571 936284407 936285128 936285235 936286237 936289134 936289740 936291309 936291615 936292531 936293438 936295139 936298800 936304261
98 94 86 80 79 75 74 74 72 72 70 69 67 64 62 57 54 53 52 45 45 43 41 42 40 40 39 39 37 35 34 35 34 34 32 26 24 22 22 21 19 17 16 15 15 14 12 8 2
11 5 367117702 583
367063856 367064291 367067249 367078951 367096128 367096777 367100988 367105921 367112643 367112784 367114087
92 91 86 67 37 35 28 21 8 8 7
44 9 29671805 981
29573978 29574996 29575692 29575960 29580226 29585753 29587930 29591539 29595920 29596305 29596864 29597507 29599437 29602294 29606465 29607653 29611775 29613346 29614205 29617139 29619197 29621905 29624681 29624809 29628904 29630821 29630891 29633996 29634589 29635119 29636000 29640921 29642016 29644014 29647185 29650048 29651591 29651745 29655098 29656448 29657795 29662314 29666289 29670013
31 26 100 99 95 92 30 94 5 88 94 75 20 85 34 84 30 4 9 77 21 19 5 30 98 16 65 85 5 32 9 57 98 85 87 6 4 47 10 3 4 4 5 1
43 1 791377625 947
38016963 44609315 82538912 85801162 791300003 791301739 791304137 791306135 791306347 791307606 791307706 791310618 791313475 791315367 791319649 791321548 791328678 791334437 791336512 791337131 791338839 791340296 791340502 791341677 791344059 791348835 791351421 791353010 791353773 791355773 791356298 791360801 791360859 791361347 791361365 791362213 791364664 791366397 791368103 791368639 791368763 791372752 791375189
26 5 67 86 13 73 21 44 35 49 27 69 39 31 33 19 49 40 35 12 23 10 9 2 26 25 27 15 22 9 6 10 87 12 7 7 13 7 7 6 9 5 51
27 1 878679954 768
7330379 878617455 878619049 878619310 878624531 878625062 878628335 878630220 878633460 878633982 878636031 878640230 878641117 878641118 878643090 878652764 878654007 878658240 878659219 878662823 878664306 878664523 878671731 878672220 878672926 878673695 878677868
15 95 80 97 14 91 45 91 31 29 55 55 100 67 68 65 68 2 19 50 3 48 9 2 4 5 22
42 39 615686158 840
615604469 615611778 615612298 615613712 615613858 615619066 615620114 615620740 615621247 615623558 615625035 615627316 615628227 615628857 615630468 615631472 615634834 615635004 615636514 615637512 615638841 615643958 615644080 615645268 615646948 615649322 615651307 615654317 615654791 615654982 615656567 615657415 615659929 615661868 615663681 615664400 615666892 615668628 615668648 615668941 615679823 615681838
99 98 100 97 87 59 88 96 85 91 90 79 71 93 90 63 71 92 89 82 99 74 100 58 53 63 64 96 66 60 84 55 34 38 78 99 71 91 72 55 57 91
30 2 973047747 466
973001826 973002450 973002507 973002796 973003671 973006343 973006982 973007297 973010586 973013122 973014617 973015541 973017232 973019833 973020084 973020155 973020814 973021320 973027833 973029794 973031987 973033443 973033978 973036277 973038859 973039920 973042341 973042787 973043250 973043606
99 98 98 97 94 89 88 87 80 75 71 69 65 60 60 60 58 56 43 39 33 31 29 25 20 16 12 10 10 8
38 9 943278657 762
18592037 20410063 943209168 943209794 943211487 943213149 943214124 943214951 943215322 943216041 943220585 943221589 943231247 943232985 943233988 943236442 943236458 943236785 943237835 943243842 943245319 943246309 943248743 943251379 943252152 943252501 943252586 943257056 943257122 943258436 943260576 943270698 943272471 943272473 943272754 943273669 943275884 943277113
44 14 99 97 5 79 49 63 92 95 92 89 50 59 8 28 55 68 4 62 8 8 12 4 48 71 24 45 32 89 1 70 30 2 27 6 3 60
5 2 765024468 758
764958895 764968493 764969235 764993066 765011954
86 74 72 41 17
24 8 792783400 925
792693705 792693814 792693878 792698361 792699221 792700364 792705040 792706681 792707733 792708226 792709559 792719491 792720758 792720804 792725046 792743724 792747608 792753607 792755592 792758279 792763379 792766262 792768438 792771225
34 98 64 18 100 70 79 99 81 14 2 71 17 75 94 68 46 6 27 15 15 14 82 12
17 7 495054183 513
495005003 495005229 495009112 495012647 495015135 495018799 495022510 495024196 495024471 495027811 495029287 495029543 495036546 495039825 495041915 495042928 495050803
98 96 94 87 80 82 99 92 72 66 32 37 62 53 94 11 39
45 17 693025542 689
692959793 692960818 692961580 692962471 692965539 692966854 692966893 692966906 692967645 692969999 692970123 692977183 692981387 692981974 692983538 692983620 692985774 692986664 692988350 692989419 692989485 692993712 692996277 692996690 692996763 692997224 692998401 692998640 693001604 693004034 693004325 693009550 693009660 693013813 693014817 693017128 693017684 693018300 693019067 693019749 693020969 693021311 693021667 693022874 693023390
100 99 95 95 96 96 91 97 99 93 92 73 84 90 96 100 100 24 95 93 57 93 77 62 57 79 86 3 5 87 84 81 58 73 21 98 52 44 15 8 46 27 10 43 2
29 11 957758059 995
957660965 957664475 957669081 957671774 957673722 957675634 957682599 957684017 957688472 957688596 957691826 957693288 957693520 957698244 957704258 957711892 957713463 957715066 957716899 957717274 957719793 957728985 957732567 957735265 957740181 957742215 957742359 957744563 957749621
100 99 98 6 98 92 43 92 75 70 71 68 92 74 69 90 63 51 59 63 77 68 69 38 11 79 46 49 52
23 6 833617843 492
14707314 833569988 833570375 833571557 833572019 833573415 833576074 833579500 833579784 833580659 833580810 833581366 833582895 833590655 833595111 833603210 833606736 833609656 833609984 833610449 833610897 833614486 833616666
98 13 37 98 36 97 68 37 93 5 62 26 87 60 21 87 17 4 2 1 12 1 1
7 6 577265105 705
577198211 577199103 577206992 577210892 577222346 577243758 577255376
97 97 64 100 74 23 85
20 4 90976627 694
90907462 90909597 90910745 90914189 90920203 90922402 90923936 90929317 90931377 90935282 90938829 90943205 90954529 90958947 90959023 90960470 90961119 90970821 90971830 90972291
94 80 40 99 41 38 71 16 29 68 7 20 92 25 24 8 54 90 56 21
2 2 977905111 466
977860869 977876460
95 62
33 6 689514549 425
11927700 33198054 689474249 689475893 689476881 689479074 689480301 689481026 689481671 689482218 689483307 689483592 689491024 689491559 689491724 689492806 689493067 689494247 689497051 689497643 689497954 689498709 689500832 689502149 689503575 689504076 689505628 689507939 689509141 689511326 689511895 689512572 689513855
100 100 95 91 89 83 80 79 77 77 74 72 56 54 53 51 50 47 42 39 39 37 32 29 26 24 21 16 12 7 7 4 1
45 18 198862237 969
198767481 198772571 198774822 198776723 198785647 198786056 198790208 198790282 198793766 198795726 198797255 198798290 198800104 198801691 198801744 198805151 198805531 198805671 198806005 198808781 198809551 198810657 198811649 198816585 198820516 198822208 198822690 198826268 198827738 198830075 198832910 198833288 198834287 198835042 198837153 198840268 198841544 198841645 198841991 198844039 198845905 198847927 198849114 198858141 198859043
98 92 90 89 79 78 75 75 70 68 67 65 65 63 62 59 58 59 59 56 55 53 52 47 44 42 41 38 36 33 31 30 28 29 25 22 22 21 21 18 16 15 14 4 4
37 37 66750952 3
66750659 66750661 66750665 66750677 66750682 66750693 66750710 66750721 66750741 66750742 66750750 66750764 66750770 66750771 66750792 66750795 66750801 66750811 66750818 66750824 66750828 66750832 66750834 66750847 66750851 66750870 66750872 66750886 66750888 66750889 66750915 66750925 66750928 66750931 66750935 66750936 66750939
98 99 96 92 93 100 93 89 92 90 100 96 5 67 54 64 80 62 100 48 83 82 41 38 41 18 46 64 37 100 63 16 87 15 63 52 14
14 2 435039939 430
434998577 434998759 435001702 435006906 435008139 435020027 435022712 435027836 435028189 435029777 435032564 435034424 435036867 435039390
17 10 52 44 37 16 1 45 6 9 45 29 31 1
16 12 854502485 894
854422279 854425917 854437996 854441507 854443291 854448376 854450783 854461748 854464025 854465260 854469458 854485824 854490407 854492448 854492591 854492786
92 96 86 81 74 75 45 50 87 17 78 37 46 33 7 83
10 9 944935091 600
151129566 944885682 944896751 944898582 944900295 944901912 944904032 944908432 944918862 944925481
100 83 64 61 58 56 52 45 28 17
9 4 968903088 581
968845806 968851372 968851425 968852458 968859346 968863102 968863146 968886465 968895313
99 91 13 48 79 38 95 22 5
31 9 444013777 621
5242603 443954879 443955763 443955990 443956261 443957450 443958280 443959108 443960729 443961489 443962602 443966490 443971749 443974758 443983029 443983508 443983874 443985009 443990053 443990324 443990514 443990688 443991326 444000220 444000999 444004419 444004984 444007525 444011219 444012077 444012791
2 18 97 97 99 96 34 91 86 100 85 81 54 73 76 6 88 36 41 23 5 99 63 76 19 92 68 58 45 60 62
30 25 76060691 81
137308 76053539 76053612 76053823 76054630 76054839 76054948 76055015 76055038 76055191 76055292 76055590 76055627 76055739 76055908 76056067 76056321 76056702 76057296 76057727 76058184 76058426 76059065 76059498 76059555 76059600 76060110 76060233 76060415 76060445
28 95 96 100 65 76 92 42 85 71 97 94 81 98 54 81 92 93 85 73 42 59 28 20 96 1 2 5 24 1
18 1 755658186 497
755609371 755613247 755613545 755614023 755615896 755619601 755621219 755623279 755629560 755632682 755634807 755638434 755647203 755649113 755649162 755651255 755654382 755656279
31 3 80 86 14 76 74 57 44 15 8 26 99 15 13 60 6 3
27 17 760342048 859
42552880 760258923 760263906 760264531 760268040 760269463 760269844 760272129 760275224 760281333 760285232 760290561 760292219 760295203 760301457 760305085 760306670 760308837 760310089 760314369 760316140 760321934 760323043 760325242 760326541 760332597 760338206
38 48 95 86 21 88 68 98 52 100 1 72 73 32 42 12 5 71 75 32 31 66 94 65 10 8 99
2 2 73149739 399
73129865 73141082
71 11
49 47 634023275 753
633949441 633951460 633953465 633959395 633960095 633961342 633962192 633963028 633968835 633970360 633970735 633971102 633973063 633975804 633977291 633977924 633978954 633979471 633979506 633982220 633982833 633985200 633985483 633985627 633986440 633988188 633988480 633989257 633991411 633992627 633992858 633995627 633995796 633996480 633996837 633997675 633997792 633999467 634003844 634005032 634005587 634006959 634007341 634008425 634015712 634015881 634017340 634019274 634021426
100 50 98 91 90 99 98 81 94 82 98 7 95 53 47 61 68 1 91 76 62 87 83 51 89 59 86 84 47 66 84 1 47 31 72 11 89 27 49 47 23 31 61 69 10 1 46 25 41
12 8 324721606 738
324655319 324657130 324661877 324682388 324691561 324699322 324699801 324701303 324702131 324706660 324708581 324719925
96 90 36 80 1 16 86 83 59 7 84 58
50 25 453284714 506
453235048 453237217 453237887 453239033 453239139 453240738 453242099 453243341 453243575 453245349 453245832 453246404 453247445 453248575 453249037 453249379 453249496 453250696 453251611 453251613 453252042 453253238 453253345 453253361 453255527 453256549 453256673 453259858 453262038 453262064 453263161 453263427 453264475 453270157 453270378 453270760 453272332 453273118 453274982 453275389 453275918 453276167 453277692 453279129 453279492 453280195 453282186 453282256 453283136 453283942
99 94 93 91 91 87 85 82 82 78 77 76 74 72 71 70 70 68 66 66 65 63 62 62 58 55 55 49 44 44 42 42 39 28 28 27 24 22 19 18 17 16 13 11 10 8 4 4 3 1
17 9 769363992 785
769286177 769289208 769291901 769293015 769302451 769307862 769310874 769317955 769319659 769324389 769331663 769341909 769342284 769349282 769358313 769359770 769362035
7 98 100 75 76 66 60 3 78 68 82 8 92 99 73 3 16
13 11 559072987 65
559066776 559066946 559067076 559067149 559067394 559069127 559069599 559070154 559070357 559070466 559070529 559071223 559072015
96 92 90 90 87 60 53 44 41 39 38 28 15
10 7 698683516 21
698681506 698681541 698681629 698681872 698682372 698682484 698683244 698683250 698683285 698683469
58 95 90 100 94 67 2 2 57 50
32 11 488350098 321
5249567 14939344 488322746 488324556 488325336 488328147 488328233 488329585 488330151 488330350 488330876 488330952 488331053 488331783 488333510 488333853 488335196 488335414 488335773 488336820 488337374 488338107 488342571 488342903 488344663 488345406 488345447 488345721 488345977 488347345 488347492 488349064
83 60 64 86 81 72 85 33 11 12 6 73 26 70 52 3 64 90 80 50 51 78 74 21 9 13 14 72 3 73 6 42
5 1 934627152 61
88088836 934622783 934623217 934623945 934624493
100 71 64 52 44
21 16 659092104 348
42079554 80219120 659062587 659064911 659067742 659068105 659071458 659074840 659077549 659079257 659080022 659082081 659082317 659082949 659083650 659085510 659085826 659087505 659088517 659091341 659091735
40 81 96 96 31 30 44 70 95 12 81 19 67 49 14 18 16 1 69 15 1
4 3 279981767 19
279980981 279980985 279981145 279981261
42 41 33 27
31 1 136681992 223
749594 136660914 136661395 136661526 136662478 136662826 136663205 136663301 136667556 136667714 136669131 136669726 136670437 136670994 136671210 136671762 136672315 136672696 136673799 136674659 136675429 136676174 136676455 136677955 136678976 136679008 136679449 136679664 136680856 136681066 136681439
32 20 37 10 23 27 51 31 38 48 7 25 11 31 12 18 38 10 38 25 21 23 15 8 1 8 7 9 2 100 1
6 5 664002192 7
664001501 664001666 664001755 664001805 664001859 664001897
99 80 96 13 52 96
10 2 353275399 583
353218416 353226024 353232017 353232886 353233617 353237120 353247069 353260770 353265023 353271610
100 98 82 87 84 97 96 97 7 53
23 19 736666045 842
736582697 736584643 736589007 736589673 736590774 736596040 736597885 736602674 736603264 736612480 736615782 736617288 736622038 736624196 736624368 736632789 736635354 736644595 736645096 736647456 736652161 736656619 736659015
99 97 92 91 90 84 81 75 75 64 60 58 53 50 50 40 37 26 24 23 17 12 9
19 18 715628582 544
715575389 715577428 715579092 715580810 715581903 715584549 715587686 715588707 715591560 715596471 715599955 715602713 715608981 715609139 715609777 715612318 715623228 715625219 715625313
99 72 92 19 89 95 30 87 89 63 25 96 29 90 1 14 67 1 1
35 27 953753230 753
953682170 953682640 953684583 953684762 953685732 953688362 953689930 953691666 953693563 953694187 953695612 953698879 953700832 953703395 953705737 953706618 953709462 953710281 953710840 953712530 953714267 953717608 953718095 953718416 953718698 953719980 953721069 953726592 953727916 953731162 953735015 953735768 953740396 953745767 953751890
97 1 21 69 78 96 99 100 89 87 83 78 96 70 99 71 68 67 61 14 67 78 72 99 67 28 69 59 95 56 24 51 92 44 44
28 17 563860028 851
563777762 563779902 563781399 563783881 563786028 563787551 563788285 563799083 563799541 563801578 563803259 563803397 563806459 563811777 563812991 563820057 563820351 563824941 563826194 563830027 563835422 563838980 563843403 563843820 563847581 563847759 563850041 563856597
98 96 93 22 95 90 74 87 75 79 10 87 85 82 88 72 78 97 65 76 85 26 13 5 94 22 1 12
12 6 517931742 949
60063297 517867190 517868222 517890159 517894389 517900244 517901240 517904406 517905802 517914899 517921523 517922881
64 76 84 87 94 43 95 68 26 87 14 39
5 2 38838685 652
38780067 38794897 38806738 38811970 38821200
93 83 49 7 85
4 1 607522004 852
200109840 248406964 338161705 607483423
79 44 94 55
10 6 776938411 17
776936888 776936918 776937075 776937265 776937284 776937350 776937366 776937873 776938031 776938188
90 87 78 68 67 63 62 31 23 13
32 4 23631117 850
23552583 23552813 23563096 23571769 23572871 23574331 23576602 23576883 23578098 23578135 23578414 23578770 23579363 23580038 23581982 23586747 23586910 23587301 23589075 23592027 23592839 23593496 23594803 23595572 23596654 23598507 23611739 23612035 23613696 23622863 23625926 23626479
96 98 95 85 81 93 91 35 74 91 73 85 61 74 59 98 88 82 5 84 68 61 94 63 84 10 57 43 24 9 81 98
50 25 995586489 71
995579856 995580077 995580151 995580321 995580478 995580558 995580601 995580608 995580712 995580872 995580960 995581023 995581072 995581129 995581507 995581520 995581923 995581951 995582063 995582081 995582193 995582401 995582427 995582498 995582607 995582697 995582842 995583044 995583806 995583874 995584051 995584293 995584422 995584496 995584511 995584644 995584673 995584691 995584938 995584969 995584989 995585309 995585340 995585419 995585558 995586031 995586041 995586112 995586248 995586342
99 93 99 88 86 97 90 97 99 95 92 83 89 81 95 100 66 83 94 99 76 77 71 59 64 2 12 1 15 35 20 4 14 5 27 17 15 14 16 6 5 3 10 14 6 1 5 5 3 2
43 5 239318810 199
239299499 239299592 239300473 239300618 239300898 239301030 239301096 239301390 239301918 239302925 239303274 239303587 239303624 239303947 239304897 239305133 239305260 239305403 239306563 239306662 239306910 239307277 239307842 239308167 239308287 239309004 239309305 239309674 239310060 239310513 239311767 239312284 239312892 239312988 239313293 239313890 239314141 239314189 239314714 239316423 239316514 239317046 239317528
98 100 95 58 42 62 93 26 44 35 8 43 55 48 54 14 50 40 40 38 90 86 14 35 27 75 13 43 19 6 5 7 58 1 21 22 92 1 11 7 2 2 13
9 4 118496823 768
118443030 118446752 118448230 118448390 118461290 118461949 118478325 118479982 118483829
40 89 51 47 84 24 56 7 14
31 6 173740054 718
173668931 173671913 173672743 173677370 173683163 173683717 173685588 173687154 173693891 173697386 173699027 173701122 173703508 173705095 173708648 173711080 173712565 173714882 173716613 173718776 173720651 173721452 173724128 173726028 173726212 173727147 173727161 173732018 173733875 173737850 173738269
100 94 94 87 79 79 75 74 64 59 57 54 51 48 43 41 39 35 32 29 27 25 22 20 19 18 18 11 8 4 3
20 19 218063039 601
218005870 218010653 218013096 218015099 218016358 218016379 218023250 218023557 218024236 218024678 218024861 218026090 218031475 218031976 218033010 218033567 218036660 218038446 218046915 218059031
96 88 84 80 78 78 67 66 65 64 64 62 53 52 49 50 44 40 27 6
33 5 649089081 944
648998121 648999826 649000610 649002166 649003932 649007369 649013429 649014785 649021118 649031235 649033292 649035173 649037922 649040731 649044638 649048398 649049451 649050038 649051242 649055682 649055870 649055881 649056456 649056973 649057037 649059477 649066517 649066923 649069855 649077159 649079479 649086427 649087758
100 63 32 94 100 93 88 81 85 65 64 58 100 21 73 96 68 92 99 88 73 47 55 77 69 58 18 29 65 44 12 79 58
10 4 750836787 734
3355274 750785506 750791578 750799348 750799771 750800272 750807121 750811976 750812621 750817700
23 73 80 83 55 80 31 99 73 89
26 17 545264311 843
545180190 545182811 545183232 545184091 545185736 545188936 545193767 545194794 545196426 545196938 545201575 545206737 545208851 545219896 545224487 545226668 545227538 545232288 545237466 545240878 545240949 545241554 545243387 545243698 545247302 545258369
100 97 97 96 94 90 84 83 80 80 75 68 66 53 47 45 43 38 32 28 28 27 24 25 20 7
12 6 825982847 200
825965966 825966102 825967741 825968242 825968946 825970817 825972193 825972222 825973720 825975111 825977647 825981092
87 85 76 75 57 94 72 51 84 17 85 71
4 3 358191392 897
358109163 358130489 358153869 358171854
100 99 11 82
6 2 201887048 54
62377403 64067467 101007108 201883795 201885240 201886094
20 51 90 14 8 89
24 1 268837256 744
268777738 268777961 268778410 268780044 268785374 268788342 268790333 268791151 268791206 268791469 268792026 268795722 268796495 268811320 268812914 268815190 268816465 268818743 268820839 268823171 268823672 268825916 268833559 268833887
80 80 79 76 69 65 63 62 61 61 61 55 54 34 32 29 28 24 23 18 18 16 4 4
8 1 469233582 16
469232211 469232296 469232576 469232591 469232937 469232947 469233321 469233329
59 89 88 19 93 99 80 13
27 16 985831535 895
985743890 985758764 985760514 985763396 985763837 985764831 985764949 985768393 985769253 985769505 985776350 985776377 985776930 985780471 985782748 985784775 985788904 985793737 985799317 985799508 985813252 985815580 985819681 985820424 985820739 985821215 985821628
99 85 86 98 80 79 100 86 73 89 94 98 62 86 70 56 84 9 60 59 58 65 99 17 56 53 9
29 11 672270425 742
672198357 672198679 672200549 672211767 672215339 672216341 672222340 672222575 672224909 672227877 672230926 672235436 672236109 672243179 672248476 672250878 672252593 672253151 672254312 672255054 672255823 672257163 672258101 672259074 672260460 672261367 672261720 672265920 672267404
98 97 94 80 74 72 65 65 61 57 54 48 46 36 30 27 24 24 22 21 19 18 17 16 14 13 12 7 5
49 37 617903330 221
617881587 617881602 617881778 617882040 617882186 617882432 617882846 617883515 617883949 617884561 617886066 617886252 617886911 617888075 617888337 617888930 617888989 617889397 617889409 617889993 617890098 617890201 617890750 617890769 617891148 617891648 617891738 617891847 617892703 617892734 617892839 617893062 617893199 617893276 617893931 617895730 617895811 617896621 617897407 617897845 617898567 617899701 617900009 617900020 617900342 617900479 617901134 617902631 617903000
100 99 99 100 97 97 94 99 99 93 55 81 85 87 74 86 72 98 43 100 88 93 94 80 85 53 72 65 72 93 79 57 87 57 94 88 13 86 67 11 90 18 11 14 75 76 43 45 88
3 1 409079817 676
85135538 409040409 409063843
100 58 23
19 17 245047548 604
244987299 244990897 244992481 244994047 244996714 245000979 245020390 245025267 245025846 245028973 245029119 245029581 245032111 245034095 245034797 245036578 245039671 245039771 245043475
100 99 92 90 97 60 51 43 84 85 100 75 93 86 81 28 44 99 99
38 20 844492561 220
844471690 844471934 844472353 844473498 844474436 844474438 844474672 844475272 844475429 844476735 844477476 844477780 844477967 844478914 844479819 844481025 844481485 844481634 844481755 844482155 844484233 844486493 844486576 844486600 844487097 844487568 844488160 844488383 844488653 844489043 844489252 844489483 844489657 844490630 844491717 844491842 844491884 844492334
95 94 92 87 83 83 82 78 78 71 69 68 67 63 58 53 51 50 50 48 38 28 28 28 25 23 21 19 18 16 16 14 14 9 4 4 4 2
23 6 382209050 751
382135866 382138038 382141426 382142446 382144352 382147618 382147762 382148643 382149419 382149918 382152545 382160656 382166115 382166341 382172439 382177451 382180111 382180604 382191185 382194228 382204744 382205509 382206927
69 48 99 14 90 86 86 91 60 15 1 63 87 8 58 29 40 65 23 35 46 4 1
46 16 365452610 47
365448179 365448383 365448419 365448435 365448555 365448606 365448687 365448724 365448738 365448756 365448803 365448887 365448928 365449332 365449482 365449516 365449520 365449587 365449823 365449867 365450000 365450007 365450026 365450060 365450072 365450082 365450116 365450361 365450364 365450637 365450673 365450718 365450743 365450767 365450914 365450977 365451027 365451034 365451459 365451501 365451724 365451828 365452103 365452120 365452212 365452375
100 45 97 22 96 100 91 98 90 57 38 91 99 88 84 88 92 43 18 73 86 85 50 87 68 89 71 67 20 94 15 35 98 81 56 33 96 38 25 22 5 51 21 7 29 69
39 14 79084622 167
406308 79068236 79068969 79069069 79069315 79069624 79070081 79070149 79070460 79071577 79072778 79073814 79073910 79074152 79074566 79074718 79074727 79076236 79076635 79077481 79077530 79078049 79078282 79078372 79079498 79079937 79080386 79080748 79080937 79081010 79082268 79082479 79083256 79083261 79083305 79083892 79084110 79084183 79084246
22 99 97 98 25 90 93 99 22 79 97 78 84 75 39 85 100 84 94 90 69 42 58 61 69 88 95 36 98 66 22 88 55 55 42 9 27 68 78
23 18 258614513 739
258543466 258544756 258545034 258548103 258549203 258551436 258556501 258563764 258576459 258578491 258579879 258582044 258585514 258590746 258591777 258594728 258595555 258595830 258596901 258597029 258602014 258608691 258609704
100 95 96 36 91 94 93 95 69 69 80 59 48 65 43 49 89 43 59 55 41 43 3
46 42 878211298 912
878121360 878126534 878128989 878130118 878136745 878137364 878138282 878139450 878141813 878144208 878150568 878151917 878152802 878153057 878153965 878158395 878158754 878166394 878166645 878166764 878170432 878171022 878173954 878175565 878179572 878180844 878183096 878184334 878184926 878187178 878187688 878191732 878194065 878197001 878197598 878197613 878198340 878199308 878199327 878199342 878200301 878204024 878206175 878207394 878209872 878209942
99 93 91 90 82 82 81 79 77 74 67 66 65 63 63 59 58 50 49 49 45 45 41 40 35 34 31 30 29 27 26 22 19 16 16 16 15 14 14 14 13 8 6 5 2 2
33 33 407015992 29
407013108 407013115 407013126 407013143 407013161 407013236 407013322 407013543 407013563 407013662 407013718 407013784 407013825 407013853 407013911 407013992 407014114 407014124 407014171 407014184 407014488 407014647 407015079 407015143 407015415 407015507 407015515 407015581 407015695 407015813 407015830 407015867 407015886
100 100 99 100 98 98 96 95 86 85 62 79 39 90 88 88 60 9 35 56 67 68 73 84 4 44 18 24 95 1 48 58 62
4 2 974142051 876
974059734 974085221 974086862 974118405
98 67 39 77
29 23 761901533 18
761899937 761900068 761900183 761900185 761900194 761900223 761900270 761900357 761900385 761900391 761900395 761900417 761900698 761900765 761900879 761900928 761901052 761901078 761901210 761901223 761901262 761901331 761901350 761901352 761901375 761901402 761901406 761901467 761901493
94 95 78 98 84 96 99 82 90 79 89 16 15 92 94 9 87 84 96 95 27 85 83 49 98 9 26 38 49
43 25 378852015 534
7228656 378800442 378803235 378803525 378803778 378804014 378807223 378807426 378807674 378809030 378809974 378811404 378811599 378812935 378813285 378814285 378814689 378815426 378819978 378821486 378821678 378821769 378822476 378824009 378824067 378825334 378826981 378828927 378833073 378833578 378835422 378836646 378837776 378837838 378838193 378839083 378840584 378841424 378841975 378845966 378847454 378848690 378848785
100 96 92 90 90 89 83 83 84 80 79 77 75 73 72 70 69 68 59 57 56 56 56 52 52 50 46 44 35 35 32 29 26 26 26 25 22 19 18 12 9 7 7
13 6 316954791 293
41981572 47379168 316937990 316938022 316939469 316945372 316948902 316950690 316952570 316952673 316953185 316953776 316953940
28 70 80 64 34 16 83 8 4 6 4 1 2
11 4 326272413 585
326215796 326217857 326228095 326239625 326244246 326250476 326257566 326267086 326267803 326268551 326270559
98 95 77 92 85 80 23 76 38 16 36
26 12 408844194 813
408768462 408769911 408773779 408781140 408781647 408784823 408784933 408790201 408791829 408795697 408797638 408798527 408800296 408801480 408802813 408802990 408803036 408808113 408816415 408822208 408826046 408826973 408827158 408833442 408834337 408839053
96 32 17 60 6 96 6 89 68 44 80 60 21 33 95 64 62 66 66 60 60 38 59 53 63 6
3 2 127341725 137
3532025 127333758 127341163
44 78 44
