100
5 3 10 5
0 2 5 6 7
1 1 1 1 4
5 3 10 5
0 2 3 5 7
2 1 1 1 4
5 3 10 5
0 2 3 4 7
2 1 1 1 4
1 0 1000000000 1
1
50
4 2 863667913 841
863623507 863625876 863645388 863649630
10 54 79 4
7 1 376950618 661
1292710 376890334 376907243 376925153 376930943 376932455 376935843
4 43 50 6 67 82 13
5 1 262859713 923
262770293 262796016 262809450 262822934 262845853
96 69 54 39 15
8 3 538454052 1000
12298894 70288056 76641635 538419292 538419642 538426852 538441668 538452531
13 68 76 22 4 67 9 1
9 1 798456847 369
187451604 249437573 798429920 798432113 798440099 798440659 798446285 798451871 798455670
100 100 72 67 45 43 28 13 3
3 3 253100972 33
253098975 253099244 253100502
85 82 46
3 2 551921007 947
551833490 551879870 551919848
98 44 52
7 3 306784336 420
306749216 306768677 306770231 306775476 306776741 306778095 306782530
84 37 33 21 18 14 4
5 2 418862008 762
66527975 418806277 418854111 418858838 418859550
24 90 1 4 11
5 2 55614345 612
2075664 15392334 16245218 55598705 55604918
93 2 5 81 80
3 1 455091141 285
222919709 455084593 455086233
83 37 64
10 1 701819504 76
701812204 701812422 701815473 701816926 701817157 701817158 701817887 701818436 701819035 701819117
100 95 49 26 59 68 60 7 2 73
3 1 185797848 847
185759603 185774665 185784341
2 3 53
6 2 665277215 596
665218714 665224213 665239391 665254749 665255887 665274757
99 89 64 38 35 5
6 1 615071972 373
19254246 63813547 112123915 615054121 615062684 615064910
100 100 100 47 24 18
8 3 431583400 852
431502748 431512958 431514274 431515122 431530127 431545546 431560334 431574132
54 40 76 42 68 10 18 85
2 1 73450868 327
73418199 73443302
100 23
9 1 481578602 711
481509885 481519966 481523946 481531112 481533452 481541225 481572726 481574606 481575195
96 82 76 66 63 52 8 5 4
10 1 398222709 805
398145979 398148641 398150585 398151232 398151246 398155603 398156721 398179613 398215479 398219470
79 13 46 97 80 34 92 8 6 3
2 2 514716493 359
514686052 514688726
88 95
6 3 964156012 752
964081428 964083778 964087071 964105729 964131658 964147267
100 97 98 5 35 43
2 1 866122663 298
75580986 866106107
100 56
9 3 589370129 472
8810743 589333024 589337114 589340047 589350377 589351458 589361702 589361875 589369389
19 77 3 98 75 69 9 2 1
9 1 880122923 652
8176347 880084668 880084690 880089399 880096457 880100366 880103458 880112146 880122023
84 10 9 30 29 33 3 2 1
9 2 110243624 686
10069017 27517861 40022771 60856986 110212170 110218073 110229851 110235977 110236873
96 83 36 60 86 5 19 2 5
2 1 693135720 927
693060439 693100734
93 33
7 3 682342494 98
96097596 153740313 158808906 382742680 423097966 485503029 682340666
91 34 46 73 13 22 55
7 3 155483452 801
155416289 155420509 155431529 155436891 155442020 155463846 155467289
90 60 67 82 79 97 32
2 1 483886522 765
483839321 483858097
62 38
8 3 639336501 879
639249889 639270501 639282899 639289020 639300104 639314835 639318171 639329651
99 75 60 55 41 24 20 7
7 2 462092094 928
462023098 462024808 462044294 462051460 462055607 462057929 462062056
79 91 24 30 12 34 62
7 2 56871214 977
56780190 56798694 56824976 56828900 56853621 56857392 56859834
100 46 39 33 7 8 11
3 1 580939621 450
580917966 580936923 580937326
49 5 5
3 3 518427521 181
92565531 518425438 518426124
44 93 1
4 2 364763471 62
364757554 364758414 364758523 364763309
66 87 81 90
8 3 542940783 167
542926282 542926736 542927684 542931687 542936369 542936499 542938220 542938531
91 93 90 12 29 6 38 6
3 3 541668676 656
541613318 541616107 541650890
85 81 28
9 1 997958506 620
31780564 131845591 997912026 997913920 997914921 997920545 997929264 997949248 997952959
37 56 54 48 32 11 5 2 7
9 3 469144056 85
469136237 469137277 469137495 469141132 469141439 469141592 469141696 469142499 469142811
7 7 94 19 7 3 71 85 84
2 1 185776235 819
185721150 185766308
83 94
10 2 855411344 244
855397445 855400135 855400768 855402414 855403039 855403704 855404715 855406339 855407340 855408509
57 45 44 37 34 31 27 20 16 12
8 3 467792239 567
6468837 467739099 467754931 467758790 467766443 467766564 467770072 467783734
24 25 91 64 89 40 96 2
10 3 361628110 515
32438256 361594221 361596656 361596961 361601731 361608919 361609679 361619506 361620539 361622252
27 38 39 8 42 5 57 5 42 10
6 1 487642716 67
487636116 487636827 487637130 487641074 487641332 487642352
63 18 64 24 19 19
10 1 179271658 461
179228322 179233333 179233381 179238792 179243393 179246048 179251212 179251872 179252069 179262751
95 84 83 72 62 55 44 42 43 20
8 2 868761929 466
868715874 868719751 868726437 868733176 868736376 868739079 868753033 868758210
99 91 76 61 55 49 20 7
7 3 629824360 881
26816304 326257911 629752144 629809375 629810010 629813052 629816773
100 100 82 17 16 13 8
8 1 309923175 260
94701698 95204944 309910104 309915527 309918735 309920228 309920260 309921220
16 69 37 12 2 7 1 6
7 3 738839577 756
738764244 738776173 738782839 738791825 738797889 738813159 738835542
100 83 76 64 55 35 6
5 1 834529779 765
834456941 834481109 834495971 834507303 834514070
100 81 39 52 14
5 3 75038146 843
74964053 74978240 74979879 75012167 75026573
85 30 86 62 11
5 3 148410528 600
148358816 148381630 148397251 148400607 148404422
87 49 23 17 10
4 2 264299529 576
264261709 264274006 264275357 264288025
66 45 42 19
3 3 577880389 480
114192321 577837558 577869112
100 90 24
2 2 1000000000 1000
1 999999999
100 1
10 3 516585964 358
516550539 516553765 516554987 516567576 516568995 516570526 516579088 516581425 516583787 516583908
99 90 87 52 47 43 20 13 7 6
4 3 428405806 134
428395486 428397391 428398972 428399093
93 78 83 33
7 2 628144527 953
628083638 628088035 628088631 628103052 628105238 628119034 628134337
19 88 46 57 63 18 78
3 1 416684618 669
416651426 416657822 416668112
92 10 27
5 2 666490918 913
666408584 666444638 666466162 666480155 666485419
100 38 59 5 1
9 2 302482952 490
302435436 302449361 302450436 302450828 302451077 302451292 302459684 302461719 302468253
99 65 9 79 66 34 60 7 89
5 1 938576768 102
938570333 938572240 938573363 938573790 938574146
99 32 12 16 3
5 1 498587888 70
498581033 498584041 498584534 498585214 498586171
98 74 6 9 22
9 3 116411179 836
116334115 116336024 116336507 116344276 116344926 116355100 116368159 116373512 116402731
95 95 96 82 21 64 49 54 88
10 1 919151757 936
39010070 919063236 919078658 919079046 919080049 919093688 919099531 919118662 919125447 919131471
56 97 96 35 39 10 34 26 17 20
9 2 314488230 664
57097091 97915978 134213336 314455098 314458167 314459502 314460772 314464540 314480414
66 39 75 22 45 15 100 30 86
3 1 61797737 827
25656836 61769590 61771485
100 34 31
3 2 341241594 43
93739086 341238529 341241086
63 90 15
8 1 483431697 714
483366352 483370330 483383185 483398704 483404126 483406580 483407723 483430142
99 99 94 98 31 56 3 21
6 3 275581987 274
275555760 275556684 275567421 275573928 275577780 275580682
96 92 54 30 16 5
7 2 708111697 385
708075906 708076784 708077913 708085423 708099636 708103188 708108400
98 99 21 69 31 16 13
4 1 592040676 106
592032595 592032636 592037761 592040094
75 84 47 5
6 2 47362239 957
1497298 47274037 47292035 47321320 47330073 47352268
100 92 73 42 34 10
8 2 512417287 597
512368576 512370311 512376958 512380572 512388915 512398861 512402468 512402571
81 79 68 61 48 31 24 24
8 3 872411701 668
872346812 872351959 872355371 872366952 872369359 872378402 872379286 872391505
98 97 98 85 82 34 87 37
8 3 686028633 69
686023990 686024216 686024887 686025325 686025436 686026947 686027873 686028329
68 65 55 48 46 24 12 5
3 1 504511572 169
504507623 504508343 504511098
72 55 51
5 3 514535882 265
514513285 514515022 514520205 514527584 514531712
57 58 51 83 45
4 1 882662754 790
882591042 882620737 882629148 882630430
91 53 42 40
1 1 1000000000 1000
999900000
100
2 1 793131519 895
793067827 793078662
71 59
4 1 907865525 144
907851587 907857383 907859788 907864857
57 49 85 69
3 3 425162037 25
211251253 425160513 425161829
100 61 9
10 2 81557443 233
7339573 81539877 81540837 81543364 81546029 81548472 81553134 81553785 81556770 81556886
66 31 39 29 61 25 4 13 1 1
10 3 564455021 254
564433184 564436309 564437310 564439637 564443582 564445948 564447486 564450549 564451459 564451931
10 83 71 61 19 55 28 38 93 92
8 3 228250675 69
15801005 22299895 228246957 228248792 228249049 228249559 228249616 228250257
13 36 75 58 14 63 2 4
5 1 729967681 619
729913409 729929223 729954055 729957701 729957844
7 48 3 11 5
10 2 92674495 462
2631897 92634930 92635473 92639461 92641245 92663707 92665193 92668292 92671224 92673224
19 88 1 30 64 42 11 1 7 91
7 2 427966044 751
90354921 427929738 427934345 427935855 427949974 427952687 427954661
87 94 52 32 4 12 14
3 1 911341395 973
120180839 911259547 911328707
45 99 33
9 3 165489950 992
165394338 165416568 165418357 165421465 165421504 165424481 165444799 165467885 165474856
99 2 98 90 89 76 80 15 97
9 1 623439612 399
623405010 623414981 623416268 623417265 623422147 623428427 623433438 623434195 623437547
93 66 89 84 51 56 34 32 64
7 1 793043923 885
75596000 792979628 792981055 792993106 793017363 793022413 793026306
88 68 58 51 2 9 17
1 1 1000000000 1000
999899999
100
3 2 35794412 66
27231709 35789323 35791590
100 78 42
7 3 13704609 349
13675105 13686639 13687087 13691242 13693644 13700022 13700757
85 52 50 38 31 13 11
